6063 298
5737 298
8691 298
6469 298
7937 298
6063 2262
6063 8691
7937 8691
2952 4074
6191 4074
2598 298
2952 7886
2262 6063
8409 4647
6469 2262
1669 298
6469 8691
8409 298
4074 8691
7937 2262
7937 2886
7363 4647
2023 298
6063 5737
6063 2886
6469 2886
6866 2952
9609 2992
2598 3242
7937 7492
6063 7844
7937 1659
6469 2598
2262 7937
6469 8409
2952 298
7184 298
6469 7844
5737 4074
6063 1659
6469 9304
6063 6191
6469 4182
4074 6191
2952 277
7937 3630
8862 1659
5737 2952
4132 8691
5984 6629
4074 2952
6063 6629
9307 4132
6469 2952
6063 3630
6191 7949
8409 4074
4668 298
6091 6263
5737 4132
6469 3630
4592 298
2598 6444
6091 3374
4132 2262
6469 6191
4074 8409
4074 1659
328 298
2952 2262
6063 2598
8949 5737
5036 4647
6469 5737
7937 2598
6469 627
2598 4386
8178 4589
6469 1659
277 8654
6091 2598
4973 4167
6191 6710
4132 2598
8409 6023
4074 2598
3374 298
2952 328
2262 4074
5737 4647
7026 7949
6091 328
6085 4074
9384 1993
8078 8078
8409 6063
7949 3429
6063 4472
3630 8860
7937 627
7492 4668
4074 5737
6063 4592
7026 1009
7937 5737
6469 4176
8654 3724
6191 4132
4074 3630
752 2952
6469 6091
6418 702
2262 4647
4592 2262
6469 2792
6191 7937
6469 6629
7492 8401
6063 8409
627 2598
7447 3242
4239 3630
4182 6191
9304 4589
6091 4668
4074 6395
4074 2262
6017 4674
6091 6063
3242 8654
1050 298
4182 1009
7363 298
6017 1012
3630 6063
4132 6191
5984 2952
6085 4647
7937 6091
6469 4592
6987 6710
7886 298
4074 2886
9140 8691
4182 8691
7363 3544
6866 8409
2952 4132
3374 4074
8178 7752
6063 6085
4132 3630
7886 4647
6866 9304
7937 8409
4074 4592
6987 7949
4973 3749
9094 277
6091 8949
6191 1009
6091 4132
6191 2598
6091 8401
7937 2792
9624 2262
6191 4647
6063 2792
4182 7949
8860 298
5103 2598
6085 328
9094 6444
8409 752
6091 2570
8754 4074
4074 8860
752 2792
6866 328
4074 9304
5737 2792
9468 3429
5737 6063
5984 8409
8409 328
4568 157
6657 7886
4132 1659
4182 6085
2262 6469
7492 8150
3242 3724
2952 2886
6017 8188
8949 2886
3630 4973
8178 7949
8862 8691
2426 627
7059 8691
7937 4132
627 5606
596 298
8860 4647
8691 7937
6444 8654
4244 2886
8949 4592
6091 7937
4132 8409
2204 1993
1931 5522
7937 9304
627 4647
8949 6191
2275 8563
820 5737
4132 5737
4592 5984
4038 3242
8691 277
4391 6023
5737 7097
6063 7492
8949 2598
3630 6469
6017 4122
6191 7886
4759 1730
639 298
627 4074
6091 2262
4244 8842
8754 7886
6406 4647
7492 328
8654 4197
4973 3438
9477 1993
7937 6191
5737 328
27 6748
6091 6469
6085 6866
3800 8691
8862 298
2598 277
7780 2952
7886 6469
2598 5606
2785 1130
5737 6097
4132 6091
6834 5606
2570 6091
4668 8409
4391 3724
8754 298
6063 2952
774 3242
6657 2952
9606 7949
4038 8409
56 298
2655 3701
298 8654
6091 2075
3630 6834
6017 1417
5485 4132
5737 7886
752 6097
2952 6469
4031 8654
2598 4074
298 5909
6977 5126
1012 9624
8949 2952
6564 4074
9609 298
2952 6866
298 7664
6469 6097
7026 6085
2598 7937
5757 820
1417 2952
3630 4074
6834 1817
2952 4647
6987 7937
8691 4074
5737 4182
6834 2886
627 4132
3242 5606
2275 9094
5984 9304
6017 7059
4592 4132
7886 9874
9606 4589
9807 8150
6091 5485
8053 7844
5275 6629
3630 298
6469 4132
4976 6063
9606 1009
9253 9304
7520 8860
7492 4132
7304 2992
4973 2379
5737 7949
3696 9107
7492 2262
6263 2598
2886 9384
3630 476
5737 752
1417 6657
752 4182
2952 6063
8276 1790
9606 9624
7937 6097
2886 7664
9094 3242
2023 2792
6191 752
8276 2275
7363 5428
9878 2792
3242 4197
4973 4592
4592 7886
627 6063
7553 298
1009 1993
4074 9624
7492 4973
3374 4647
2598 6063
7304 298
7937 1099
8409 8150
7185 8842
2570 9432
2426 8860
6469 7492
7937 9442
8409 6892
4386 8654
3186 501
2222 4647
3321 2669
8856 4038
3374 2952
3630 7937
5984 894
4074 7949
6005 4167
4668 3937
8078 298
8188 5737
2952 1247
10127 4647
9468 2792
1124 6721
328 4647
3061 6263
5737 6657
6469 6324
5737 277
2952 3559
6063 6097
6406 1817
9468 7844
3630 5984
2598 6469
9400 2792
9606 8409
7363 6063
7886 3242
5036 4074
9304 6091
1099 3741
3374 5606
6191 5275
7447 4182
9304 7752
9667 3242
3429 8654
7937 1247
328 8691
6914 277
7998 3242
4668 8493
7068 6748
4074 7630
8754 4386
2973 298
4260 7090
7937 9571
7571 7181
6412 4260
5608 8150
2589 8549
7780 4176
4973 2952
5851 2792
1130 8860
7447 2952
5737 4923
7937 403
3374 9246
1050 2792
277 5606
6263 6048
6444 5606
9228 3590
516 9384
639 2886
9140 4260
627 2262
7196 9606
639 2598
8053 1659
7492 2286
2075 1271
6191 2075
5179 6085
4038 9304
6872 1993
27 298
8691 6063
6191 8949
2952 1817
5395 3724
6469 4973
399 1993
7081 6564
3429 7664
8691 6657
1130 6315
4038 4074
2973 2886
6866 6191
6914 3630
4226 7245
6866 894
4647 9384
9477 8654
2792 1993
5949 4927
6389 2886
9251 5972
7886 4386
639 627
7754 10035
3549 6406
1296 1993
941 8150
6063 6091
7937 2952
6564 5984
3374 3630
8839 277
9094 4386
6017 3061
5179 627
298 9384
8754 2846
3561 774
298 5606
4182 3630
2598 6724
4406 7949
9468 5126
2253 752
6469 6085
8977 9679
3630 4132
24 3749
6144 7886
8691 1443
8409 3321
5737 6724
2426 4950
6191 7445
5865 6085
8409 277
2545 7007
7664 1993
4074 4176
5179 9304
4386 5606
9878 6097
1130 755
7081 9606
8297 4176
328 4074
8860 1730
7937 6564
4887 10127
4132 4592
7937 2023
4668 4074
7937 264
7081 6191
7824 201
1819 1194
4038 2952
1050 6097
3611 5884
429 4494
9094 2669
3630 3374
675 8691
7492 4074
4673 1993
6423 7022
6657 7949
1817 9477
2598 4647
3242 9228
6231 5984
3696 6085
6866 4182
2448 7524
3630 1698
6191 9400
7137 8409
3242 1124
4182 3429
6017 256
1893 8654
7492 9443
3238 298
7937 4592
2598 3374
7846 298
6324 6657
8409 2426
2952 6657
1653 3724
4973 6085
5737 3429
6423 1443
5879 7492
8691 7022
3630 823
7363 3224
8860 2262
7081 6005
6418 298
8842 8654
4182 5884
9400 6097
6017 5909
9468 9153
5785 9097
6191 9679
6987 7886
8261 8150
4940 5275
3061 8949
9468 4074
3242 8692
7886 5103
6324 328
7081 2952
277 8692
6191 4668
6469 6395
6091 9878
6078 2886
5737 4176
2545 6834
2973 1659
639 6091
2952 4668
8512 5737
8860 3429
2023 1097
7447 1965
476 3630
752 4647
1258 3429
3696 3693
6495 1130
9486 1993
6564 6406
3238 1659
4176 9384
7496 2589
9468 2598
15 5428
8856 3255
6469 5326
7937 8668
9339 2952
9109 4391
4607 2459
1924 4132
7937 6085
4092 8409
3693 5485
7492 2598
5984 4176
774 4940
774 3559
10090 8842
6063 7960
5851 6097
7137 7844
4592 3701
6091 6866
2448 9397
1099 8799
7026 5884
7886 8563
5984 6191
6469 9606
328 3242
9400 4647
6702 430
3428 2857
4468 4647
8522 2452
5837 277
4250 2555
8691 8150
5921 6324
615 3937
8409 4132
3630 6866
5103 6018
6469 2032
4574 1659
2886 6598
8949 4977
5606 3724
215 430
2761 3839
8188 6693
7097 4074
6063 9304
6032 5118
4653 6474
8593 4132
5103 7137
1099 4074
5737 2426
3630 7137
6469 2023
8691 4167
7030 298
476 7886
6063 3374
3630 8150
5608 2947
4112 3724
1066 8178
8754 10120
6091 3887
627 7137
1924 1651
1747 298
4074 757
4391 4197
3429 9384
6091 7949
3630 6406
7937 8754
6017 6987
3063 4386
7292 4176
3696 6191
3749 2262
1130 1698
2578 6023
2886 9477
2952 5428
6330 4973
8754 6063
6191 3374
9589 4410
3630 4647
3696 1966
7380 4973
215 4887
10117 6498
4182 2598
8691 4132
3693 6063
2578 3724
8150 298
6469 2785
8188 8409
3374 8409
6017 9601
8162 7439
8754 3839
7492 298
4568 7886
8243 8162
4406 6657
2236 298
6231 4806
3630 328
2426 298
8754 3793
9606 501
6091 4074
6965 7372
9609 27
3696 6759
8188 2262
8691 328
7292 2886
6063 3242
2506 2032
1247 5737
6469 8931
516 6598
6191 3321
7363 328
9468 4132
256 6657
6019 9384
2023 6097
8409 1247
2973 2262
661 7930
6017 4976
8522 4647
7977 6023
7886 4074
5737 5485
3896 891
3160 6023
3696 2023
9807 4647
4592 4074
6017 6930
3693 9304
586 6892
9468 6097
7492 56
4973 4146
2655 7731
1817 1993
2598 10049
7937 6721
6866 4592
9468 345
5737 2023
6191 5485
15 2262
3505 9418
774 298
8409 6444
1817 2204
4592 8691
5634 298
9304 7949
5608 4074
4592 6263
5611 277
3242 4391
2545 10071
6017 5352
8409 3522
6017 4824
5984 4592
3937 298
1653 6023
6469 8949
7492 6657
516 7664
3696 8864
6724 2262
6324 4132
2448 2485
485 774
4031 5606
774 4806
908 5428
596 4647
1669 2992
2206 3429
7886 4806
7081 8743
4031 8692
639 5888
2251 9384
5461 7486
2426 5608
8409 6657
5395 1071
6564 2835
3696 2422
4074 4589
3630 4668
5757 6063
7059 7059
6866 4074
316 298
2952 6444
2952 108
6017 2634
8409 6406
7097 2598
6914 4038
8754 6710
6469 9624
8409 8563
4031 6488
4244 2792
7445 236
2952 5606
1124 6023
2481 4386
3242 6023
3061 3374
3242 8949
7492 8522
5103 4668
7137 4074
6324 6063
2262 298
3242 6488
1730 8654
9668 328
7492 908
5984 4074
1050 2992
4038 820
9986 6444
1124 3724
7553 2992
8178 4974
4391 9228
2275 277
6469 639
4600 3374
752 6564
5737 1009
7438 6640
3289 9624
1247 8661
1130 9807
7667 3428
9571 1188
2222 3429
8862 5420
7492 7937
2262 6321
8975 9807
9468 752
5395 4197
476 639
8949 6629
3696 627
6176 7844
250 277
6091 1548
3374 1009
8654 9228
4732 8150
4647 1993
2036 4647
8754 3321
627 328
6930 2262
5737 6091
4132 6263
5984 4182
820 9304
2545 8937
6505 7813
6724 1247
7010 6019
7059 5737
4041 2426
8842 5606
2886 2204
4940 645
2262 9576
8188 6191
5352 9874
6505 5112
3069 6710
7010 1893
6017 4260
627 7937
9601 4973
7097 4225
5837 6444
9468 234
4574 4176
6191 1247
6063 5036
7081 609
6693 6418
8842 7664
5984 6395
3630 277
5017 8810
7977 3724
5485 3164
8188 775
6469 4074
3242 7492
5395 8046
6191 2262
7967 2050
1097 298
5785 2863
2952 2426
9744 6524
4112 6023
3160 3724
9606 7752
8129 6287
328 2262
4674 2262
3749 3428
6063 820
3693 2262
4647 7664
8803 6773
3630 7949
27 8078
5715 6724
8949 6406
1012 777
4074 7752
3549 8091
1417 4132
3374 4592
8949 6864
3544 1993
1301 8754
476 2598
3321 6657
627 9400
3950 4973
3242 5909
5865 7841
2655 258
7435 2952
7886 6063
2445 6864
820 3455
4592 6866
752 10090
4082 2023
1652 8654
27 7846
6914 5608
7026 6400
248 6444
9576 298
661 8150
7059 298
5737 1428
9571 3630
1071 8078
2598 6834
4677 298
6383 9107
1931 7363
1795 596
1293 4410
4176 9477
9624 2075
993 6552
8409 7949
1817 6922
6469 5606
10049 328
1809 2275
8949 9304
5757 4676
6469 3937
5506 9610
1188 4592
5764 5606
2792 7664
5785 1698
4176 1993
6063 5606
7027 1307
1819 3723
9400 3734
7998 6444
9468 3640
3321 5606
1064 1653
1071 27
1817 6872
9094 5440
6881 8493
9081 4176
4647 6598
4386 3242
7445 3696
4182 6866
9606 5166
7905 8144
7492 8178
7236 7900
6091 3559
117 6657
5983 6700
7937 6629
5439 6382
8522 6191
7630 6892
3374 6721
3429 9477
8188 2598
4074 6085
4647 9477
7937 5608
4668 3630
7081 820
6834 5837
4592 2570
8949 1659
6063 6395
752 9477
655 6444
9723 3458
2110 1296
8188 298
2598 5785
8522 1966
7097 8047
2973 6191
8856 1247
6892 7517
3374 6629
2379 4132
215 6063
7363 6263
627 4038
9624 6406
6078 8842
6091 250
4973 7164
4912 4197
654 5395
10133 7257
6866 639
6469 4072
4592 7937
6406 328
4887 4647
8949 6914
2807 2251
8259 4176
256 4074
6460 4038
8009 6395
7447 5333
4600 5298
4391 7506
9766 4647
627 3542
8949 1968
6495 7520
4100 6444
3455 6374
6702 1659
5337 8410
6406 6724
2262 6866
2886 399
7955 1601
3693 5737
993 4239
5606 6023
15 7830
8522 4182
7782 7445
7059 6987
2952 7937
4074 4182
328 9304
586 6097
1417 4923
8856 7345
4592 277
6431 8259
4031 5368
9571 8860
2213 8548
7492 3360
4940 8842
4668 5606
3696 9807
2506 6085
5757 6324
91 4647
3374 2894
2471 6119
7038 298
5764 8654
5737 6495
9874 627
2886 1993
403 5737
4132 328
9002 2452
627 8931
328 6085
4038 2589
2851 6002
5737 6608
8691 150
5165 4132
8178 563
2598 4365
6748 298
8949 7081
3238 2886
2563 1247
9253 7094
5428 9384
6085 2275
15 328
4592 6063
3630 5275
2036 4031
3429 5606
221 4197
7081 2629
6460 250
702 298
215 808
9986 277
8421 4391
8297 2952
4674 157
5179 9706
6085 5485
6042 6625
6017 24
639 3630
7492 4038
944 7363
1535 4132
3069 8092
7363 2475
615 4973
4976 188
1071 2236
27 6418
9624 3242
752 4176
1071 7846
9163 298
4074 6091
5397 6085
6191 6469
8949 2629
4132 1308
7886 8522
1417 4312
3905 1183
6211 9773
7492 1130
4260 9140
5426 3693
1071 7030
4244 6097
7772 9253
6732 6144
4668 2598
1438 2426
6444 1124
1012 7081
4365 2262
6950 1981
4082 8654
7038 6191
6469 264
1004 8244
7447 5541
2426 6091
5984 5606
6078 2792
8949 8008
2973 8691
8691 6724
2036 516
2952 8754
1071 6418
7492 1247
7492 5485
5987 10049
7886 4668
3522 6091
2623 1993
1820 9679
8949 1339
6191 9468
256 752
9667 4912
4386 9228
586 8563
4973 9443
2563 4132
4074 298
6469 5785
5475 7090
277 1124
1653 9228
3011 6444
2792 3724
8409 4896
2023 9262
9609 6418
2632 9304
3630 8839
2023 3242
5395 9228
2471 2407
2558 264
5359 4391
6005 4592
2456 4606
8949 5036
7949 1097
1720 6019
4973 887
5397 3630
2952 6710
7059 256
2952 8549
7570 2426
1071 1747
6191 6942
5439 8949
5608 5984
8691 9351
3429 1993
4973 9477
27 1747
4973 820
7630 4132
6063 6324
6469 4041
2213 174
277 4391
9397 2032
4592 7731
6091 5428
4176 6598
4588 2191
3696 3836
8522 501
6777 6834
2570 2792
4082 3937
5984 852
2952 8401
6091 9400
3238 2262
2785 9576
2655 6107
3561 6395
6469 7137
5162 6005
4592 3374
5737 10090
8047 8150
6324 1247
5737 2992
2598 5103
3374 9877
4244 9833
5589 2048
1653 4197
6091 1247
586 328
4132 9468
1808 5616
657 4031
8691 6495
7492 5275
6078 6097
8188 6987
7081 4146
3432 5126
9254 7447
6324 9081
2973 4940
8746 6812
5952 8401
2697 5337
6288 6925
6191 4806
9400 4041
7949 4167
1817 2138
3630 4038
3397 7844
9094 3429
7081 3438
8632 277
2637 298
3061 5485
6710 4647
2761 8453
5179 187
7998 4386
3593 250
4887 2894
250 3242
1296 7664
7886 3321
9606 6191
3693 7844
7492 8949
1377 8754
596 2886
6930 8290
8817 6986
8522 2952
6446 4275
9633 5608
2952 9468
4082 4973
5611 7302
278 298
7937 4038
2792 6023
6444 4391
1893 6488
4588 7801
1351 7363
9874 298
440 5337
5036 45
7499 4668
8691 2130
7184 9443
328 1009
4100 4386
4082 5606
6191 8931
2162 3630
9304 5608
6418 8078
6657 2452
3438 5275
1893 8692
4132 8842
4226 1304
6019 7664
3321 2598
5877 4391
9254 7524
8949 5197
8409 8862
2792 2204
6495 5608
4074 3242
6002 6035
8154 8761
27 7030
518 6498
5984 820
5984 9477
9094 5395
4412 277
3292 8981
5345 9804
6696 3630
1071 316
6693 6987
7427 3429
6395 7949
5736 2537
1417 298
4074 2128
627 5984
256 328
1258 4622
215 586
7075 6023
5737 4973
7886 3224
2952 2598
3459 8549
4386 1124
7102 3242
8522 3615
6930 8972
7090 8654
3269 1377
4132 6721
8949 2422
5606 7664
6949 8041
7026 5737
8754 4647
8243 6564
10049 4927
7363 10058
6495 5006
8522 9679
3451 586
7380 5428
4564 1307
9094 8409
8949 2485
1012 4472
9508 4806
17 8842
4132 820
9544 6324
5864 8842
7824 5606
596 8842
2570 1015
639 9624
256 4848
6191 298
2598 3429
256 6063
6834 7008
1301 2785
3242 3242
9254 9624
6191 8860
27 2236
1377 1307
4386 1570
5737 6866
8949 2792
3061 328
3630 8993
3061 485
8188 7492
3749 4074
6710 627
9820 4668
328 4462
9094 9984
3630 2222
9282 4940
9468 4592
1905 8842
8814 6498
7140 2262
9606 4640
9606 1659
6063 1968
6571 9228
941 277
2275 1942
9606 4592
5737 1817
7846 6693
6085 5428
4973 7847
702 4430
9601 4074
5737 5428
6085 9667
1893 5368
6191 328
9845 6421
8522 3937
27 5634
1130 627
752 3242
3160 4197
4132 627
7630 1901
8424 5879
7949 4647
7886 328
6019 6598
56 3630
10111 4386
627 8471
1064 3374
6085 7137
7236 4031
6640 1124
8292 2262
248 4261
6950 8842
2598 4973
8949 8856
2655 6263
8691 6826
8409 6710
6657 4132
5439 4647
6406 1247
10049 5870
8409 6866
6330 9465
5369 5606
4607 5275
9878 4176
8522 8243
6191 277
6469 2992
9076 298
7937 9624
3292 4182
5245 4
2204 8654
6495 2952
8691 6729
27 2792
5608 6866
9606 7926
6017 7905
6595 8842
3696 9683
7081 7524
6468 9679
1653 3242
752 6444
6016 755
2655 4132
4159 2251
7137 6629
752 6091
9606 2886
5737 9468
944 9780
944 596
6444 8692
2598 8041
8178 5851
7781 2952
9700 8668
7186 6629
9254 9304
6748 6693
7438 2598
2598 1820
5521 8691
1124 4197
3412 328
9705 2570
6085 5837
9336 7380
7236 10049
586 2792
1039 7846
8188 4132
3292 2785
256 298
5495 8654
9667 4386
5608 584
3135 5976
4674 8188
2664 5891
9400 4176
5983 8654
7137 2598
8827 1730
2952 3433
9788 2775
4973 8409
5519 7752
2935 2259
9606 298
6191 4250
4112 4197
952 277
9601 3374
8661 9384
5877 4647
250 5428
86 8084
7363 3793
6564 6469
2262 4132
5606 9384
3630 6892
9094 8401
1130 1403
6710 8860
6063 6703
774 4386
3429 2204
5785 6091
5715 4074
8046 6700
8046 1183
5789 1643
6085 9468
1881 1652
2491 8656
3696 431
9094 4074
328 2886
6709 5006
1311 7949
6469 56
159 8669
6085 8150
6914 9253
6914 3696
9615 8913
3242 8842
4248 6444
9294 8150
1417 6608
6714 6986
27 4430
5774 8409
1296 9477
4244 2331
278 6097
8949 8409
9251 1805
661 4074
8141 6944
4674 2075
5608 8522
3429 6598
9097 4038
9468 7487
2952 3238
277 6023
277 6721
8783 4132
9609 1747
6914 627
6063 1097
8188 3630
6032 1247
1750 7843
6664 9468
1522 7509
2952 7257
6144 8691
7905 4977
2634 4668
8617 8401
1210 9477
676 4647
4887 3242
83 3224
6085 7937
5179 10119
1525 5194
6063 4176
9571 5737
2664 5616
6564 5506
782 6657
9606 5884
2669 5275
1761 9081
4365 5485
8540 5337
501 6629
1817 4673
3630 9855
752 2992
2761 3631
6017 2448
3300 5435
820 7492
8949 9097
9601 7949
3147 5397
3905 6700
8188 8691
6330 7184
4592 8150
3374 5355
4432 4494
752 4161
4462 6721
7236 1443
2128 6023
9477 6986
1417 6693
7137 4647
5439 4132
6696 9181
4973 9624
9624 8839
3696 7780
2681 9901
5036 752
3061 9133
627 1651
2902 8401
627 6866
1012 298
2594 6444
5725 5355
6063 3360
5154 4325
4592 2598
1183 9384
9197 6748
3242 7664
7081 6492
7843 5737
9094 7733
7886 8549
4912 9228
5519 4589
6085 774
277 3242
774 3360
7439 4176
1071 5634
2598 8839
6330 8522
1039 6987
9253 8522
5608 4806
596 2792
9304 2262
1752 8362
2724 9443
1720 1893
1345 1651
8505 1652
6191 3982
2128 3724
9468 2886
8522 8935
9094 820
10117 2952
6495 1099
5397 4668
1417 328
4973 7492
9624 3846
4472 5785
5275 2952
6696 3242
6191 6587
3232 2275
6444 6488
7958 4038
2262 5275
7886 188
7435 1805
27 316
5737 3321
627 6834
7949 345
4588 2942
4074 4621
2634 6969
7949 8409
7780 6498
2634 298
9304 8409
1226 596
639 1099
6418 2792
6406 6866
9254 639
6443 3724
8862 2262
9808 4197
7132 6023
4647 8654
4564 586
5475 10035
3135 4959
6930 298
10137 8669
820 5412
301 2933
1293 4414
1247 4592
7630 6588
4239 6191
581 5439
7027 8754
5737 9432
3630 3559
5179 4653
7560 1643
7097 9624
4182 3360
5051 298
3630 511
5814 3210
6091 7886
7292 2952
8860 345
7905 2637
3321 4074
7302 4647
4392 4248
3048 6724
5165 7245
3693 4592
627 2294
1012 7844
5737 8862
654 277
8187 5837
5179 6986
3242 7456
8655 4386
1124 9228
7520 755
9094 7132
774 7164
7363 4806
5865 4074
4038 6629
9304 7400
4954 5522
3429 4673
573 1993
627 6657
3982 8842
6512 3455
3360 298
6709 2857
6987 298
4122 6063
7520 4950
2952 120
9254 3693
2952 3242
5118 7949
6657 5428
3505 2886
4592 258
5103 4929
4074 1009
7886 5485
476 9679
3645 4647
7439 7486
5737 5461
8949 9624
2222 6063
1750 7780
7499 3023
6144 1247
1099 6005
9508 5984
6681 1698
1130 6444
4122 9467
752 4386
3242 9861
7059 6817
1296 9384
9609 7030
7081 3915
9833 1993
9163 2598
9400 6091
8409 8931
5737 3630
7236 7890
8949 9668
7886 7937
3321 3134
8949 3438
6866 5737
2520 6395
9400 4923
4386 8692
1494 4912
2426 6444
4881 2459
4881 1013
5649 263
2669 4973
5952 3374
4132 2886
8187 5737
6144 9679
4122 6469
4976 3321
6914 6091
3061 2598
7081 4997
3120 5428
3693 757
3516 277
9615 1601
6914 5027
3711 5199
3412 4391
4132 2952
6063 3937
9635 7439
9601 5891
8129 6263
6866 2792
6017 2545
5165 1304
2886 4673
1817 7664
6176 2598
1747 2792
9027 6987
4976 6724
4978 6444
997 4197
8114 8316
1188 4589
1653 9861
6542 6866
4336 5395
7492 7003
3297 8842
9426 4386
6063 1247
657 516
3687 1602
2236 2792
4973 10119
4406 1428
6085 4391
5485 6085
8655 8842
9094 4668
2162 9610
639 2262
9429 5606
4647 2204
5785 5608
5461 9132
2570 6097
7682 6263
9601 7059
6191 1130
4182 9304
3160 9228
5885 1708
6191 5103
1012 3476
2886 5909
1747 8078
5643 8842
7097 1535
2448 4146
2952 6667
46 7709
6866 968
7068 5634
2962 8669
6495 46
8856 9624
8053 9624
752 2485
6144 7276
6530 3429
3242 8156
4386 2578
4391 9861
4887 4177
1653 7456
4887 1069
7184 7492
45 1993
6926 6629
4782 6710
6063 586
2570 8588
6017 6073
6191 4950
2446 4940
2379 7029
5510 236
27 27
774 8691
2075 4592
7492 3985
3297 328
5662 775
4092 4
2278 4
1601 8041
277 2578
3712 5428
5542 9695
6930 6191
1618 6629
1817 399
7363 6406
818 5103
8522 7886
10049 3242
5251 5606
4592 8949
310 5990
9606 6085
9240 4696
2230 6444
9571 4197
5606 8654
3374 1069
3723 6023
9254 6085
6834 1845
7196 9624
4260 6063
7570 9627
6418 7846
5774 5440
3429 399
5311 4668
3837 2792
4260 4668
7617 5224
3630 8549
7700 4038
1783 1012
10071 3630
9468 6191
3630 3238
117 1428
2598 3470
3630 6657
715 8647
2634 2262
6834 4668
9163 2262
6940 4973
6987 3611
752 2886
8154 7049
4122 298
3455 6063
2980 9594
6495 6091
5879 9307
2236 8078
4668 6977
257 6191
8691 6702
7132 3724
3950 4391
8540 7185
7977 4197
8362 6856
3220 4074
3470 3321
27 5796
3470 6023
8150 6157
256 476
9718 9576
5249 298
4260 7937
6944 9384
6415 6944
1817 3242
2634 4973
5785 4973
4239 4647
2204 3242
6150 6091
7059 1043
6406 7008
2598 6892
975 1652
3723 4391
7697 5333
8380 757
5166 627
9940 324
9720 8401
8909 4386
6598 5098
7949 4592
6063 1653
8150 8842
4571 362
7292 5737
8856 9442
4973 1080
3630 5704
3374 2792
7445 5326
2807 1296
2023 1296
7682 6495
8750 298
4725 6986
8691 3692
4668 4592
7081 2422
4122 3242
1485 298
1316 5602
4387 6023
6063 2032
9091 1194
9254 6500
891 277
3063 4899
24 3438
5737 466
2952 6263
2952 6495
1012 1417
147 8974
3197 3506
9601 9468
7026 1674
8661 7664
6017 8230
6315 6866
7030 2792
7949 6629
7172 9384
3321 2429
9253 8169
4607 1184
8522 6019
8918 6892
6817 4074
6383 9546
6930 4260
6444 2578
2278 6474
2973 9833
3451 9844
4568 108
1417 3460
6293 6191
5873 9245
8426 9477
8099 5522
2886 1009
6834 4418
6144 1659
3617 2251
5984 2792
4940 298
9606 2952
4668 1698
316 2792
3800 752
7236 6144
5304 10071
256 2426
328 4806
5737 4940
7937 6600
9163 6603
3857 264
2415 438
9275 627
6391 1652
6091 7097
5737 1130
7492 6745
10117 8064
9109 1296
596 6097
1012 8691
4845 9400
8788 4806
8380 6700
6085 5275
6191 6588
9400 9606
8949 4616
5461 2937
7081 2485
7081 6324
1301 1307
6091 1286
4112 9228
1203 3724
5606 4197
6091 6732
8276 920
9601 511
5987 8918
8709 8647
5737 4264
6272 4386
4959 1993
8522 4176
2506 3360
8297 8754
9468 2992
7492 7346
7363 9627
639 7492
4668 6144
5245 474
4182 3640
1308 2560
4639 5
2284 993
429 6005
7148 6640
5926 4325
1203 6023
9668 4647
7902 6126
17 70
7752 8654
1980 1601
8842 6488
1050 9180
8162 9901
9397 4176
8297 1805
1643 3859
3749 8691
10105 2234
6324 1651
9397 2952
6693 4122
3061 298
6987 2075
8691 3837
6817 7059
8575 5560
8842 8692
2545 4074
6965 3238
5103 4806
3242 2578
6702 2598
6469 8754
8182 820
6085 3433
6934 4680
1014 5606
6063 8931
1130 6063
1130 6638
1817 1009
5299 4806
2886 2138
6967 8842
7184 3360
4607 1517
2262 9132
7059 2262
5634 2792
9304 8691
3696 1535
9027 5188
2952 264
6469 3724
338 7090
5510 6063
4391 1209
4260 4132
2952 5275
774 9304
4154 7620
3822 6444
559 7900
2577 4031
1653 5606
5275 4074
5870 6629
3242 3160
1265 3429
6122 4806
6603 5560
8188 9606
2952 250
8614 4887
2952 9400
658 5506
9833 7664
2929 3542
661 9443
5179 7492
7387 852
8084 9384
6157 1993
6834 4132
5737 1942
7068 316
6966 7844
4260 7022
3242 2259
9144 7302
9571 6971
5650 8647
9723 277
3696 401
8860 4622
9277 277
7312 8272
7492 8549
2426 9253
615 2204
9756 8842
8949 9094
7363 2426
1417 1651
1817 10068
6748 2792
403 5606
7107 7224
6866 7886
6718 2400
4954 820
4132 2234
6987 5485
6866 6629
4976 298
188 4176
4122 4074
4824 7489
6987 4668
820 3360
4923 1708
4386 4391
10119 5428
2010 6977
1194 8654
9304 4974
8283 9024
4812 8729
3242 7506
9477 6488
3680 5510
2426 755
771 6444
4387 3724
5978 9468
4973 4176
5542 1659
4472 298
4474 2598
6063 5884
6406 3429
1417 7292
2262 6097
7846 2792
5342 2128
4900 8091
6745 2914
9486 3242
7937 2785
2262 277
1437 8150
391 9451
6406 5808
6418 1747
4973 5147
328 2952
9253 820
7517 5606
752 1290
2973 1273
9294 1652
774 2128
5606 9228
9606 8001
3846 3442
4391 9557
4239 8448
8949 6395
6834 9627
581 5606
4074 6629
6693 5348
4456 5439
6818 5001
1803 5606
6693 7846
2724 2275
6389 298
4607 2857
2952 2792
4040 4647
339 2952
6406 4132
8949 891
10127 3429
9184 852
15 9728
6324 5428
4316 9858
8692 3786
4474 3134
4812 7181
9094 9443
5737 6239
1124 4462
2426 7520
6073 7937
5737 9795
7445 9097
8153 3958
941 3793
586 6710
476 6048
7918 6321
7023 627
4176 7664
6263 4592
6041 4647
2086 2757
27 6666
3061 2262
5837 3544
9304 9042
4668 2952
9400 8046
516 2204
6017 8640
997 6023
174 5764
7801 4640
10019 5395
8409 9094
721 4391
1112 8812
4588 5998
3238 2294
3238 4958
993 6175
4782 8092
6866 820
3696 8935
4082 2204
6085 5870
1845 1993
24 4146
4260 3712
5439 9667
8409 7937
5737 4394
9905 8640
3574 3224
7937 8949
4445 5691
3061 6063
4677 1296
24 820
6406 4668
4108 4074
2147 9477
6027 5333
6418 7030
10071 6700
1742 7097
6777 2598
429 8654
9571 8842
6587 4391
9094 3550
10071 8001
3630 908
2222 4622
8409 4386
5984 6495
4469 4391
5864 5764
7137 5606
7363 8949
1747 4430
9163 2886
7322 2582
4230 639
7445 7949
3842 6063
6406 10119
7399 9624
2262 7026
1437 8661
4359 2234
8949 2526
1417 4074
4973 9350
403 9606
2886 7392
5761 277
6693 1417
7436 2792
328 6191
4893 820
4391 7893
774 4912
1678 5197
9984 8654
74 5536
2952 4784
1748 4912
5984 926
9609 3760
4035 2835
1893 5606
1258 6097
6063 2050
627 6018
4082 6324
4074 8931
4824 2846
6063 2992
8182 5737
6019 9477
1285 3460
5757 5984
5589 548
1188 3630
277 5909
5545 1296
827 1653
1921 894
5589 6834
9718 8754
8754 8754
3837 6097
9571 9094
6191 9878
4201 6640
6443 6023
2036 3429
3061 191
6198 9033
9544 1957
2329 4386
2935 8877
5737 6690
2973 1301
1045 6126
6191 7781
4639 133
5359 6866
27 5615
3061 8188
7304 6157
8923 383
7184 8972
6469 5884
7617 2452
3321 4973
5737 6710
5494 3859
7843 7064
7445 9253
6222 3431
4592 5897
5275 7302
58 1307
5352 6063
5378 2138
5432 7981
7886 9468
8949 9994
6091 7445
736 2952
4182 6091
627 2181
7700 4248
2578 4197
4074 4974
1643 3429
8272 2421
4074 6507
301 9624
2868 2792
7260 4647
2792 2334
8949 9339
8380 1183
8839 2792
2433 4901
3645 7886
6017 3667
6063 8668
4182 3462
4588 6005
6914 9251
3696 2952
10035 7664
5616 4592
6016 4950
2275 3242
7955 7245
6279 7886
9304 1651
3238 3859
4814 4589
5221 3724
774 2703
5725 8101
9878 2992
4647 3724
1653 8654
9397 5036
9668 7844
4976 7111
5984 9347
3224 1993
9094 6085
941 4391
1795 2251
9601 476
627 6263
2980 4281
1296 3242
8691 3542
6406 8401
4074 7492
3872 10049
5879 6395
8091 1993
1111 3429
2262 8178
4132 9624
8522 6498
301 2485
2955 581
6085 4973
6091 4038
5785 1809
752 4264
1012 6987
2073 752
8409 5428
6017 6817
6418 27
9601 8188
429 8951
6091 6406
8674 2952
385 6834
3561 2032
1258 2792
8522 9477
4100 3242
6914 6330
3575 1730
6381 2032
6085 1594
1099 5584
9429 45
3544 9660
4405 8842
9925 6866
8868 2792
6017 2655
6017 8428
5599 298
975 8661
6987 5984
6016 8860
9468 2952
2206 3640
6465 7937
5378 4929
9509 4621
17 3542
7004 1296
6063 4182
9094 2426
6091 4182
820 2485
3374 4607
4592 2718
9450 9255
2570 401
7559 6023
9400 4312
1653 7506
1560 7841
277 3724
7438 1301
8931 5606
3846 1428
8912 5794
5154 8085
56 6629
7492 3522
7664 9477
9163 6191
3630 586
516 9477
1050 4264
9468 2023
4674 1247
3846 8253
5758 10035
6059 438
5154 2952
6191 9372
7886 6866
5737 3937
328 4592
7008 263
4260 298
6073 1247
8409 5485
8140 8140
9667 2128
8522 1893
7967 5606
1362 7949
6495 6144
8187 3187
6721 4861
771 277
1678 2160
6027 4255
1311 3691
9094 7248
5955 9384
6086 2992
3224 3242
6866 752
6469 7886
6085 1296
3554 8401
10035 9384
639 6191
6693 2236
6693 7030
8521 8842
6834 8842
46 3559
2598 1130
7937 3937
2920 1296
4445 7900
8709 6078
7292 4592
7705 6657
2398 4806
1142 7564
8053 4472
8546 5808
7689 6096
6091 5439
6418 2236
6914 5998
7196 403
8949 7492
7937 4182
9348 4940
3321 2947
7937 2992
8187 6812
6696 4386
5036 586
3837 2570
6390 1893
8496 5666
4391 8654
4182 9183
9259 8573
9571 9468
2570 9253
8949 2379
1296 6598
5458 5891
4730 1993
7630 7291
4868 3321
6930 1417
4674 1835
257 3937
27 7645
5532 298
6324 7937
7425 6564
7081 5737
2278 5194
7846 8078
9254 7465
1099 581
1130 8007
1428 1817
429 6564
7313 4668
4868 6023
9601 7137
1964 8150
8053 5737
4592 1109
9304 563
2952 774
7801 7926
1887 3242
4778 9282
1194 4391
1099 277
2563 908
9477 8692
3723 3242
8692 9033
993 1428
2536 4861
2448 10030
6017 4521
2973 3360
5439 8286
5984 3937
6987 6942
2952 8949
6126 4647
8949 9400
4564 587
8655 2886
6418 5634
586 4592
9683 7635
6063 4647
7081 7492
9163 8691
328 1659
6866 10102
301 3937
941 3211
9477 7161
1191 942
5275 5606
5165 9460
3292 4176
7796 7460
1592 7900
3455 7380
6063 7781
27 9603
2426 8222
6032 3255
9477 3242
4973 2632
8188 4592
9609 7846
257 6395
5531 7610
4778 4592
3238 4472
9142 8253
8563 8654
9589 9304
1545 7447
3242 7819
1653 7819
820 1203
3220 5764
6313 1968
2275 6444
429 4459
3061 2075
8150 4647
422 2262
9378 1993
7937 3842
9427 2485
4574 298
9397 7447
9094 328
2204 9660
9925 4391
5171 8084
3050 6834
4074 277
8297 1307
7700 7445
7700 9081
8261 4421
2785 9094
7081 2811
6063 627
4480 9097
476 6191
676 4391
181 1708
8990 5352
9571 4784
7977 9861
8471 3983
9081 277
838 4923
752 6608
6495 476
6930 3061
9094 6978
7399 3018
8731 6191
7196 8129
6302 6598
7447 8860
3509 9679
6370 4932
8945 3983
5166 2275
2426 6866
4845 2294
3696 6779
9601 5885
9624 1651
5307 4132
8949 6097
1669 3760
5197 8853
5330 1307
6842 2846
9141 2422
5352 4826
3749 3630
3630 752
3630 9400
9094 8150
3438 3242
5602 6191
2222 45
2453 2952
6091 752
2935 3242
7967 2783
993 6657
1861 4386
2407 1708
3238 9624
900 1698
8860 3640
820 7530
6681 4647
4738 8842
3800 5726
174 8842
1253 298
1099 6329
2023 2992
3374 4806
6987 6987
2023 890
278 2792
3950 5608
5106 3967
3937 717
3050 4973
4682 4950
6693 1747
4973 5179
6754 6126
2854 7564
2952 6097
3918 5126
4182 7487
2886 10068
8522 1482
6940 7486
1417 6710
7955 7781
5166 3374
1817 7217
8188 5602
3501 8150
6263 5737
2379 5785
6032 7345
5737 3846
8409 2262
3025 4806
1360 7844
1835 3242
1130 6866
1099 9251
9429 9728
6721 5617
5126 4031
2230 9808
4078 5395
3611 5606
7492 4483
1154 3541
8864 133
6696 4912
774 2854
5960 4647
86 8656
2563 9538
9397 7584
8975 4973
3108 4647
9601 65
1257 2151
4976 752
9606 3983
4592 1766
2598 5984
8512 9606
9468 8661
5671 8091
2947 2886
6383 8864
4973 6063
2542 2147
6085 6063
8961 4592
9027 256
4132 1271
7949 4790
185 345
2928 5879
2792 3242
6288 3749
7937 9747
3147 1113
6914 8096
2593 6406
7059 4674
9094 5036
6393 5737
2506 298
6469 9180
6834 328
5164 6925
4626 6657
6191 6374
5103 3242
6469 5036
501 627
3638 9094
277 8156
8709 9024
3232 2023
215 5726
5034 1009
9667 6443
4607 920
8297 3693
2598 6950
3063 8054
9348 1137
9824 201
1926 3124
1752 9443
2792 5606
820 3537
4272 8041
8380 1445
4445 4
7059 3630
4159 596
5439 8643
6418 316
4674 5879
6469 1845
10049 4391
782 752
6495 6564
9397 4647
9941 6986
5737 1296
2222 2886
9372 1351
993 8972
3749 6048
4674 5785
6073 3321
6710 6315
3630 56
4480 2485
5960 1247
7843 6721
247 3429
3061 4132
8409 4887
3797 1993
3822 3242
7697 263
9878 3712
5911 1817
5608 8169
6418 4430
3059 1517
2952 5542
6987 1012
6191 442
5427 6892
1071 6748
4132 298
9606 820
9609 2236
5103 2262
4031 4391
9798 5687
2973 3630
5139 1194
3314 6023
6469 9477
820 8853
7559 3724
6996 6047
9094 3473
1831 7164
4607 8544
4035 6406
9601 8937
5998 5428
2445 9097
3397 6914
884 2952
8882 7097
6469 4264
944 6721
7059 4260
9606 6395
2262 6834
1050 3771
3061 5984
1360 345
3800 4887
6042 5950
8276 4074
3256 6807
5879 476
7492 6063
6221 8444
6251 516
6987 4074
3412 8091
7886 5428
8500 5691
2952 4391
6017 8276
6091 298
820 6629
5984 2128
6564 6745
6406 2952
1021 4647
1510 3321
597 3438
4213 6837
2204 8910
9668 7302
838 4375
114 5412
6418 6748
3630 4483
2785 4806
9468 1652
4213 277
7102 4912
5036 1769
5034 4132
6505 5079
6971 3724
4738 8811
1494 3242
3723 3724
248 277
755 8654
9609 168
581 5407
3061 6866
8392 1130
9601 3460
9254 891
1417 7065
5873 476
4269 1296
7196 8754
7081 4041
3718 8654
5461 10060
4132 9304
6418 9603
4571 5191
3837 2598
1085 3224
4674 6667
7445 7886
5534 7291
7670 8950
4159 868
3428 5006
8261 7949
3696 5884
5439 671
1071 5615
2785 6745
6444 5909
6469 3771
9738 3862
7164 7886
427 6640
5221 6023
4365 6652
5395 9197
2792 4391
5019 5428
2275 4386
1764 8842
3063 9400
3292 655
4184 4074
3452 9544
5171 8656
4387 7506
7010 8647
7291 596
8512 2050
1785 4248
1448 5355
4462 1161
4386 6488
4887 4386
5103 2075
2935 6406
1012 6703
7771 1740
1443 3640
6495 3499
250 328
3937 1296
8188 8863
9601 6469
5319 5428
7363 8245
9609 3630
6972 8949
8421 2507
3448 3814
2204 7405
5397 3741
4824 6710
9905 4214
1942 8444
627 8047
9769 752
9601 7937
996 752
8949 5892
8691 4244
9589 3429
5737 3771
7753 9477
2023 6586
5165 1247
8691 1296
2251 7664
4005 4709
3693 9606
1748 9181
1417 6063
8496 1581
5197 263
7101 1184
1130 4973
8931 5909
627 3321
7937 4264
1012 5737
9613 5984
6085 6672
5414 8833
1653 4391
91 2204
8692 6696
9163 7844
4260 1443
3292 757
1079 8981
9253 5362
8261 755
4351 6444
887 9304
3101 6444
6696 31
8654 2645
7622 5355
86 4598
8633 584
827 7616
1434 7937
9126 4647
3374 3749
6272 3242
7235 1966
3451 9607
1747 6428
2598 4798
1510 7492
6866 6395
6017 9140
6191 5984
6498 6598
1210 4176
2204 7984
7081 8519
5737 9695
10049 2275
5099 5606
627 9468
6469 1651
3846 7492
7700 3947
9281 7172
4098 8842
6930 1099
7445 1809
4640 2560
1012 4976
3790 2147
6921 4176
1750 6107
6063 4074
2598 7664
6063 4264
1012 2422
3428 4668
7245 1247
5713 6925
5179 2952
5715 6834
2471 3202
7081 5867
3515 4912
9544 5641
4141 7227
9720 4668
8409 8242
6132 4268
7517 2023
9468 8860
4239 6395
6444 3242
8522 2983
6495 1037
169 1407
8691 3176
1464 5428
5445 6023
9905 4521
4703 7644
5352 669
2204 9557
9576 1009
464 298
112 8033
3640 1993
9183 3611
7946 1183
6063 6586
6972 7086
6818 9576
627 2932
6324 1428
10132 9094
1747 27
1099 3438
5737 9180
24 8367
6406 7421
1417 8588
8664 942
5522 8309
1510 1817
8949 6628
2023 6091
1130 298
8297 5333
2079 9873
1592 5691
6063 7363
2236 6693
4592 3542
3374 6097
1417 9468
9609 6748
8227 4074
9308 298
4647 3242
6085 8860
6721 8949
6866 8547
997 9228
9544 3701
4588 8573
3724 4391
3505 5737
5608 5242
8731 8647
8691 6444
7977 9228
3749 6191
752 1099
8409 5395
6712 584
248 758
9560 4386
8971 9228
7499 6866
4908 2452
9606 6507
8630 6856
260 9304
3102 5395
6564 3846
6213 5888
440 7185
7846 316
9322 45
6395 328
7630 8150
3630 5891
3429 5909
301 7492
4674 298
5737 9253
1968 9606
8655 8691
4038 6191
3693 1183
6469 6580
7137 5126
8754 1345
8691 752
1130 4950
7236 8020
9229 5522
2192 8628
2902 4668
2952 3321
4973 9304
9621 7172
4043 413
9400 17
5984 5737
1059 1171
301 627
1440 4959
7492 5606
2379 1651
4804 7492
6663 9941
8547 8949
4074 263
6759 2452
6495 6492
4386 5909
6893 4912
429 7668
2426 3242
4085 2121
4275 3724
8862 3871
944 4087
5032 8639
2639 8863
9544 9720
6315 4696
4760 3640
9807 3429
6444 277
2598 774
7132 6721
8664 2433
6564 4386
9667 7949
5342 3360
91 2887
8654 9861
8746 9714
31 9228
27 304
6418 7645
3357 8078
8949 8546
6063 9180
2345 9877
8175 1993
5650 1482
9807 45
6498 7664
7886 6710
1803 4647
2023 7292
5984 8402
4239 5674
8240 162
6866 1989
3374 6353
6978 8842
6092 8860
8931 7664
6418 463
3800 7524
6091 6091
7886 5006
375 4163
627 2075
2416 8269
3554 1247
9609 5634
2262 1247
1018 9443
2634 6524
4132 3321
9253 4182
1012 6693
5960 752
3611 1291
8156 9071
6786 7830
9544 9512
4149 7500
6564 8150
8187 5298
3693 9624
4806 4391
6085 2283
8053 2886
6488 1740
7312 201
2183 6187
4973 403
752 9571
8046 920
1495 4665
485 4912
4068 7844
3021 2738
9196 3242
6224 277
9456 3187
5518 6444
1303 9304
8522 5852
7949 7620
6017 1532
9300 3360
6091 7137
8188 5397
3556 7844
7846 5634
5773 7586
6406 5428
83 9467
5454 8526
9717 6986
1495 4176
6469 201
5960 2407
9878 6091
1130 250
6495 298
516 399
1817 3667
1817 3544
2598 8915
1296 7217
5179 8409
7700 5984
3545 4973
7363 8049
8691 1130
7937 7844
1820 9878
8683 1377
2110 474
5439 250
4077 7164
3232 8654
6914 1403
934 8401
3191 4176
7010 1482
5216 9384
9601 5984
1389 8842
3645 4074
7186 8409
2688 4173
3455 4950
9923 7059
7780 4959
6063 1113
9609 2792
2236 27
5737 5984
9397 3242
8053 8691
7053 8085
501 8409
6914 2863
2598 3134
6724 4132
3238 5737
6987 8862
2379 3374
6346 8654
9477 5606
7820 5118
2973 301
8058 4698
5725 2860
1203 9861
6315 4391
3242 8848
3160 9936
3247 5299
1350 5021
2275 1344
41 6097
4100 277
639 8972
2093 8522
9972 8692
9397 4806
544 277
4182 8677
1203 1124
615 8949
6249 4696
5608 9311
4391 7649
8349 5852
7700 7937
3630 5606
4074 3125
7145 1296
6721 9384
752 9180
27 1669
6314 8856
3800 9254
4510 5166
1071 5796
3574 3885
1296 9660
6057 1993
4182 7844
6418 5615
6842 4481
4673 1085
399 3242
9468 4048
5737 9466
4386 1993
3608 6986
2807 868
4005 3837
8827 2262
8649 6474
2792 9477
2251 6598
3846 4262
9780 7302
7445 4460
6063 9747
9322 3429
7910 6019
6777 301
5428 399
9163 9261
3693 6700
4778 2075
3242 7081
639 4592
9609 316
7705 6175
9188 277
2577 516
7904 8842
7030 8078
7289 511
4480 7447
7306 4087
1030 2792
8935 6324
9094 7937
8971 3724
5395 9861
8409 6942
1443 7487
7886 3575
2460 298
4973 9571
7492 6524
2898 328
4092 277
9606 4974
6728 4031
7977 7903
1595 6023
6688 5727
5445 3724
5065 1344
4296 4391
9188 4386
9808 9228
7137 6264
6017 4214
6444 7977
3429 9861
2952 5764
9510 6315
9833 4897
5277 6986
4973 4647
7068 298
5454 4647
6418 5796
7462 5891
7399 1535
3493 1659
2634 8188
4244 2992
2886 281
4592 6667
1750 3455
2728 281
7427 3462
2314 56
6710 298
2490 8091
9468 4499
7492 8931
8188 1820
6078 2331
4260 6144
1784 5006
9286 8972
8949 4732
3631 1993
8247 5859
5352 6987
5737 8860
627 6724
9109 10036
7886 5785
2761 2669
8409 6389
4564 494
4951 1307
9015 5672
1417 8754
1071 4430
4592 5485
5608 6710
8754 6133
8522 5224
278 6428
2792 6073
8929 3185
8276 4304
4230 9683
8754 7489
2023 8007
8856 403
6017 6383
7137 6834
2041 2452
5785 8938
8909 1817
6412 413
5461 7445
7030 316
4452 4471
10119 4182
4132 8754
3896 7524
5608 5606
322 2933
7667 4698
429 7667
5243 3360
4703 4132
6511 298
7492 4026
6395 298
6930 2075
6971 6023
8409 3242
8187 6834
5136 8691
9339 2452
3593 4074
7496 5166
9094 4912
6469 3077
9400 752
9400 5079
3611 2023
1012 1659
8692 3061
7132 4391
6091 9133
8757 9228
6866 9571
2262 4386
5851 8150
1203 4391
6192 7549
5179 1651
3048 4912
4445 6521
9824 8272
8692 4424
3340 5728
3321 4197
10119 574
4031 9090
3521 251
5197 4589
3777 7482
9694 7664
2952 8842
2792 1009
8860 328
9027 7059
1428 4668
4107 3429
3374 910
4118 5194
10062 7172
5737 1097
7667 3630
6416 2191
4182 5757
9468 7937
7447 1236
9359 6598
361 1428
6032 7524
6191 7392
4682 9016
5737 6321
9486 2897
2634 7937
5352 328
4315 3428
6930 9601
4588 8909
4778 2262
3374 4940
4600 3372
2598 188
9807 4662
8890 9769
5307 1247
6085 4365
891 5428
7846 7846
2191 8842
7914 3529
5378 2204
7427 3640
5774 2173
6914 7447
4365 9571
7949 5126
7705 8169
8297 6085
6418 6418
3455 1247
1099 1101
3937 4973
5040 6986
7955 9770
1720 4369
7886 4132
5771 5522
2459 8842
8339 5356
10049 6834
6312 9443
6987 4132
5865 2894
4073 6444
5984 7972
6289 1698
1653 7649
9604 6856
5562 7482
277 8848
5837 4386
10119 4592
2471 6657
4776 277
1653 1124
9972 6488
2262 2894
8678 823
7132 5606
3429 6023
4038 9477
8862 7164
5022 8106
7088 6707
7075 3321
2578 9228
7445 9869
5484 2023
277 2259
7164 4647
5737 3734
9624 6474
6468 7886
6122 3242
6718 2638
8931 9384
7330 1817
3872 1041
615 7137
7398 3837
8409 6263
4176 2204
2807 1817
2598 8150
1012 4260
9468 6421
1417 2023
7139 6914
6836 5333
9624 7781
7097 7504
8661 9477
3429 2138
6078 9378
2843 9855
7772 6091
281 9551
6987 4946
9081 9606
1823 1296
8409 7890
7886 4826
2278 2182
5957 1817
3224 9477
1495 2952
7158 8842
9624 7890
4073 2886
2655 6063
9429 4662
8969 5242
2598 752
6469 2204
8856 786
3061 1097
2854 6005
3429 3242
9163 4176
7081 9927
5496 5367
8175 3448
6941 4132
5179 5608
7156 430
1841 4167
2952 7949
361 6657
6498 9384
3186 2598
9109 3529
7886 2669
9308 2992
1099 9253
2952 9728
4095 1390
3630 9468
5589 4887
7081 9304
3260 9468
4647 4973
8909 4647
5879 3321
300 820
6702 3982
6198 3562
1203 3242
7359 7733
6866 2485
3723 9455
4887 6444
9051 4386
7345 5837
7359 6444
8522 4665
9638 6724
8041 45
6530 5890
5141 4031
1934 1854
8911 8692
46 7290
7965 298
3061 584
5103 7380
6469 775
7001 4031
4626 8178
8654 8842
3907 5395
2022 8654
5139 8833
1976 9674
3497 9624
10135 7610
9571 328
2545 4038
6192 6019
8188 6091
7682 9246
4137 1993
8522 3749
7843 7635
1229 4950
7038 5522
7030 5634
377 4394
1071 298
7081 2253
2314 3442
627 9081
6759 6085
3061 5004
7427 7487
1817 2623
1587 9610
8380 8409
1817 4386
6914 3018
9224 8842
4616 9477
2506 2895
7782 8150
9509 7492
6495 8150
5103 3712
6063 3771
6940 4074
6406 45
752 3749
1071 9603
9384 3242
9668 501
7664 1486
8922 6657
9606 4472
8409 5879
3663 7844
2598 1845
8691 9874
1012 2778
2206 3462
6495 9097
1071 304
7196 7717
7066 8173
8949 8861
7565 4074
6085 8522
2598 4132
403 891
5737 7937
2426 4074
5984 3242
6406 6469
4973 277
1670 3360
8576 7380
3374 6191
4122 6444
3238 4592
7355 4268
1643 45
4647 6023
1652 5606
5851 2992
816 1318
442 2128
9667 1236
3686 45
5019 5407
10039 6444
476 4249
3242 869
4275 6023
4814 7752
9544 7750
3041 6812
6587 9455
385 3238
6947 9066
4887 3455
2393 8810
2952 4386
2839 1788
7886 8169
8046 4661
586 9094
5495 9807
8401 8654
277 8842
257 5461
1653 3160
2075 752
7132 4197
8046 1013
3242 4462
3082 4031
4260 5642
6431 6752
596 45
3858 8949
6587 7162
2856 2120
7036 1247
5486 5737
4674 8549
2655 8949
5294 9941
1012 3061
2334 1993
7338 7949
5736 301
6817 8150
6914 6604
1417 9874
4132 7844
4182 6395
4976 6657
9718 5001
2221 7564
7846 6748
3473 5224
1159 1390
4503 1184
485 5428
501 8842
1695 2128
6196 6925
7038 894
83 10058
7081 4947
5757 7363
6073 9878
818 9877
3438 298
9100 3429
3701 4592
3106 3429
6412 1505
6019 7217
818 6375
1417 1247
91 2952
7363 2792
9601 1178
6914 4647
2275 6063
1012 3630
9668 2759
1071 3668
5485 4074
5909 1039
5311 9306
9698 8024
9027 9215
4840 4840
1296 4673
6987 8188
24 2952
7937 1307
7236 4074
3937 9467
3 4074
1774 8842
7632 4621
568 5742
4452 2634
2426 9468
8036 7293
7399 531
256 8188
4779 9606
9601 4132
6469 4038
5864 7227
5737 5103
68 2578
6977 5006
61 2952
7132 1124
7184 3455
4887 9094
1893 4391
429 6063
9094 1236
6914 1472
6488 5482
3723 5606
7090 5606
1653 2259
3516 5395
181 7620
6251 4031
3515 2386
2016 4923
9094 223
8522 7065
8500 4
3611 9624
257 1318
9484 7366
4391 1248
9259 401
9606 563
578 6191
4453 4031
9163 8409
6693 3815
2886 8401
2807 596
1747 5615
1916 2792
4239 894
30 298
9661 6586
7081 219
298 6598
1097 8870
8814 2952
2598 9094
8008 1817
4453 516
9141 9994
5485 328
4677 3128
3164 9171
2634 4565
6032 4038
3321 10049
7691 4647
5475 242
7858 8043
3842 1659
752 3782
3665 7276
9304 6085
9094 7445
6192 9182
9099 7664
3391 7890
9905 4003
1012 9444
9468 6950
4365 3937
4440 1296
587 6986
6495 10119
316 316
476 4176
9571 9624
6144 4132
5435 1009
8618 7900
4976 8188
27 463
8996 4260
1021 5632
3561 2023
4797 1653
8768 7363
6469 6834
2598 6657
7081 403
557 4503
6710 4973
3238 8691
3696 9994
5687 3242
6085 277
6930 6731
4976 4132
8654 7506
4113 277
5338 3242
9589 3083
7679 1151
4122 774
6469 774
5606 1124
8488 4278
1708 277
56 2894
9808 4296
2598 2275
328 6721
8633 8178
1190 4031
1297 277
3021 5428
10019 277
8833 3242
6444 6721
4806 3724
9820 8401
6330 8862
6603 823
277 4462
8244 9228
1895 3202
2222 3640
887 6571
5125 9538
429 1836
7227 3724
2075 8768
1417 5879
7517 6324
8409 2475
8156 4656
7236 7090
8522 3164
5725 5428
2973 9304
1194 3242
7962 6672
5292 4665
7447 9710
6378 5924
5737 9304
6418 6097
9606 6777
398 9583
10062 2947
3082 516
2419 345
6383 2740
820 8290
3867 5275
9360 2952
7081 4262
3940 3431
1038 4950
3561 7086
7304 6428
2433 5884
4976 1930
944 820
9262 345
752 3771
7846 2236
5439 45
1130 328
2593 8091
83 3793
9788 6385
3542 8253
2570 4176
3696 1099
8856 6091
4351 6078
3611 6395
8793 627
5984 9747
4568 277
3696 4997
389 8842
7023 9254
9416 7664
6017 616
328 9378
6987 5837
6495 5027
4976 993
10071 1183
328 2792
2655 2262
9408 4176
6191 586
8949 5292
5984 6097
7196 2952
8150 2792
7081 8732
7949 2062
215 2952
27 3668
7030 7846
6085 3321
5737 4668
1747 316
6866 3242
627 3559
9606 4506
8297 2838
3522 596
2016 2811
2669 9097
4005 3605
6460 1009
627 4806
5103 4074
9609 5615
627 56
1855 6925
5879 2023
429 5897
2128 1124
3566 277
1788 7900
1809 8549
7886 8178
9188 6444
5017 9735
1905 5764
3438 4912
2952 9984
7674 9808
5154 7278
277 7977
9878 4264
6023 9033
27 1793
4712 6444
1194 5606
9644 3724
9094 3321
6110 2262
7006 277
1888 2992
9782 7926
1448 8101
1544 774
5395 4296
8860 6266
9419 4386
8860 7487
4179 6700
6017 4003
4386 5368
5662 2262
4983 6023
6756 5984
6474 3242
6488 6987
9879 8654
2332 7137
5495 627
7699 4197
3160 9762
4858 7930
8053 4537
697 8654
8054 3724
3429 3724
4092 9808
7733 3724
7496 3983
10012 4038
7563 3374
4592 56
7691 3937
91 4946
2886 7217
7030 6748
6078 2992
7217 5098
710 5606
8409 8091
1012 8146
7517 9444
6834 2426
1455 8654
3948 6023
5761 7937
9197 5634
857 4806
3358 8293
7874 8409
8851 5166
6598 3598
6700 2792
6944 6598
6940 2442
6052 6575
7700 1130
7517 1042
5250 3631
1672 8842
256 3374
3224 9941
9551 1674
2944 7332
4976 7937
8467 1817
2952 4624
6964 6395
9875 6724
3945 3712
10024 4973
1071 7645
516 5909
627 298
8754 6119
7262 4679
4973 6092
7401 4950
6418 5170
5877 1296
9027 2634
6091 5984
5165 6019
7001 516
820 7945
5984 2886
8522 9747
7068 2236
6314 7952
6085 6834
4973 2811
6902 8754
4825 5485
3403 298
8410 5606
9220 1993
9437 5522
9358 2204
2262 7445
8432 3842
88 2886
5485 752
7886 7949
9833 2334
8243 3749
4647 4673
9197 2236
5970 5333
4117 9362
4409 7059
8708 4448
5371 4074
185 2792
6987 8860
1121 4647
4592 4973
7801 2452
2598 166
7011 4352
2598 9878
6191 6866
278 2992
5837 3242
8188 627
8409 6834
7492 7949
774 4351
3693 4981
4182 2262
1194 8848
6914 4074
1861 3242
3756 6444
7796 3737
1194 7977
2634 8522
4751 5917
4922 7878
6640 1397
6238 7026
4469 3242
3292 1445
1859 8188
3154 7610
2598 4931
3083 3724
1350 9328
6729 1730
6091 9094
1510 3793
6595 5764
9002 8244
2792 1124
4861 4910
7380 4391
8654 7649
5439 9878
3771 5606
858 6102
6495 5326
2302 277
6191 8862
9094 6443
3255 5479
2302 9808
2214 5785
6469 6677
3066 277
2984 8125
5864 379
6836 8647
6469 1643
7747 4386
682 7512
5368 4812
774 1236
8258 1874
27 6428
4677 7224
1747 7030
9753 4673
7447 9776
8754 3374
4653 8842
9262 5888
1530 8842
8768 3689
4454 2422
6063 6063
694 9477
8188 642
7603 627
73 6926
6802 7224
2792 4386
3493 8691
9624 2570
2810 8522
6629 1993
322 403
4674 7886
1417 9576
2545 6312
2785 1262
5156 596
7960 1296
4747 8497
7306 9780
7910 4176
2379 2475
2448 4592
1261 4950
2655 328
6370 4647
8589 2506
663 3937
9281 5908
492 5753
7196 4973
6603 8839
3956 2775
4976 6710
176 6119
861 1183
4385 4940
1618 8208
8401 1993
377 2397
339 4182
4508 9477
8089 1820
6495 3718
1085 3885
6633 1009
7886 3374
3521 3372
4976 8150
3429 7392
7238 9609
9468 5550
7796 1271
4322 5341
1549 4592
4132 639
4992 6091
4084 5606
3630 5439
6693 6748
5984 1486
6580 1993
8614 7286
2108 6629
6073 298
4260 4074
8006 7949
2655 584
7492 5428
4820 2886
1210 2452
5737 7667
1752 9624
4973 7217
1887 7780
7049 820
4976 8178
391 4182
6987 8437
2952 2669
9601 7077
774 2262
3212 1124
1548 5103
9544 3151
534 6315
1309 8150
8655 3242
537 6444
4806 4197
3232 201
3242 8487
5895 2259
416 8570
2262 5355
639 5440
1124 38
8889 3724
10133 5355
9571 2023
8241 5428
3693 3693
2481 31
5105 277
2347 4386
4647 8692
4801 411
4796 9606
3177 1653
5485 5833
997 5455
9163 4038
9671 3242
7120 9477
5729 7777
2518 8244
604 3723
8971 4197
9544 9228
6263 9833
7645 8692
3630 2953
1417 6752
1253 4198
9400 2992
3723 7977
2262 1280
5076 3077
6488 2226
1361 3465
165 277
4244 8347
870 1993
4858 8150
7949 4074
298 4122
10015 9432
1009 3242
8501 5194
5397 8401
6625 9384
6134 5439
4973 4732
3937 5006
6469 1097
9322 1817
9197 8078
3429 2296
7145 3559
2236 1747
941 9171
4293 1993
4825 1967
4453 8273
4959 7664
257 2075
879 4647
2128 1993
6418 304
5606 6598
8754 2275
6191 6272
556 6944
1857 10035
557 8615
2565 4973
3242 2276
6930 256
3561 1847
5983 6602
4976 7059
3456 8842
6987 6263
2602 8091
3630 2234
5003 3357
7445 161
6063 3724
2929 5506
705 4260
9477 8949
256 993
7492 7137
7492 6969
5984 4132
8129 5428
2236 6418
2036 8842
9051 10035
578 5611
4443 7026
27 702
8188 1417
6041 1296
7682 7899
10065 3982
941 2475
7380 6866
215 9807
3082 7900
6418 6666
8713 7664
9304 4953
1823 1817
6312 328
9606 3630
5321 6866
9468 8484
6759 2839
1071 463
5725 575
24 6085
6930 191
752 6078
4668 2262
7937 820
5527 9256
6330 7949
3242 8086
6091 9468
1389 8811
6836 2023
4568 3530
248 3242
5304 5757
9601 3127
8194 2216
5414 1653
6759 9042
3505 2331
2320 6444
3101 5395
4 6023
6469 9538
4182 1835
277 9601
8409 3723
3101 9808
969 4806
7097 7999
3611 4537
3136 5395
6192 1893
1203 7456
4391 4192
5700 5103
2697 7185
5171 7090
6469 7085
5902 4592
8409 8543
9163 9606
2973 5420
6521 8692
3292 298
9397 3224
3298 920
5737 6474
7622 2894
4336 277
6646 7090
1720 4074
5864 960
71 2890
3073 7559
7514 4074
6742 4031
8114 2222
8027 4647
2952 2222
2634 4096
896 3485
8949 3630
1296 2204
6330 4132
5179 5762
3771 9234
1747 1669
8949 6253
2634 2130
1097 5001
6941 7172
9477 4943
507 6023
993 3952
6834 2023
5179 2792
7363 1097
1012 9571
2963 2792
2478 6469
4260 1130
7620 9941
9019 8150
5171 7057
6243 7400
5996 8661
9596 3559
1156 7172
6978 6834
4973 894
3630 250
8548 7664
8547 4565
5625 1817
3817 2792
7030 7030
6324 4074
9094 2128
8026 8842
4976 8754
4970 8839
6866 2147
10083 7421
4647 5909
2841 264
5103 9081
5737 2769
9336 7781
3841 2792
6333 7664
9718 908
7030 9609
8754 65
5625 8842
9051 516
7905 5492
8129 250
4668 6097
6944 7664
5486 2886
4195 7291
5179 7164
7937 1097
158 9339
5608 65
4973 6022
434 6598
1061 1009
9620 4950
9609 5894
8949 8414
525 6019
4453 8340
9408 6498
6564 9094
10108 5428
2952 7132
2669 6600
10127 4662
5606 399
8336 2792
7145 7709
3892 3822
1417 4806
6893 8842
4391 3242
8709 1482
2886 6577
256 1012
9609 1515
7059 1417
6603 8691
1590 9710
7886 4973
4568 3559
6469 1968
7387 5006
7081 7820
6091 8150
2856 2838
8842 5909
7886 2952
7744 2032
3428 4132
3784 3429
6587 7977
5177 6444
4906 5318
7602 8654
2902 9984
8496 8008
1203 8842
3723 8156
4865 6721
7733 5606
7196 1318
1840 6023
7482 8692
3445 3242
6711 6942
8163 6571
9296 6156
4469 4806
7492 9270
7819 4812
9094 1344
1561 3749
7875 8654
4887 6707
4498 4974
10070 7132
8108 5726
5978 5370
639 3321
7858 1523
9880 2550
5475 4031
1653 8842
3242 7649
3101 277
1574 5395
3242 6721
6943 277
8522 8647
2278 6521
7937 7630
1434 3433
3542 7445
9510 627
5785 5326
2025 5135
7886 8909
7801 5224
5735 2792
3242 3564
6091 8333
597 6
5461 3374
4230 7196
1747 2236
6091 5275
3665 7644
5737 1317
5039 7844
6073 9132
5672 2952
7029 565
4260 2655
7886 2792
2238 8110
9443 4176
1905 4318
2955 3741
91 157
9624 466
328 9833
2533 2251
6191 7380
7081 6754
9322 4662
6263 2792
1560 6315
2807 2006
3050 1790
8409 1345
2023 1273
91 9415
598 5606
3640 7664
5737 7292
3696 6229
4239 8754
7517 3374
5605 1009
6099 2952
6495 7757
2262 5163
9606 8654
10049 8860
1510 5884
8173 7878
3061 4668
9576 281
4747 1099
7011 256
4035 1955
4122 7026
4929 1993
4414 4973
7352 3648
9429 3429
1097 4122
820 3983
1817 4929
6495 3473
2072 1993
3061 1286
6073 3374
2886 2296
6837 6986
6335 8085
941 3544
4976 10049
8188 5533
5878 1097
2075 8137
9898 3542
9109 7569
7164 2952
2873 6922
8138 6914
4607 4304
627 1247
2570 5485
9372 4365
8949 6426
7508 2147
6150 5406
4973 2792
4976 3061
3696 6091
7851 2048
6987 6930
761 8401
7137 6724
6122 5984
3696 5998
9808 8470
4647 8842
4806 3242
3160 7506
5395 7649
8010 7610
3723 2578
6469 1527
9571 6406
4169 1244
3238 2598
4973 1130
8424 2598
6032 8949
8677 277
7492 5199
752 9667
1350 7428
7838 8811
3516 6444
4994 5764
3723 7162
6866 3429
3458 1013
1495 9477
8654 1124
2036 4983
3412 1840
8384 774
771 7248
2705 6444
8156 3755
3723 7456
4973 6524
4247 4665
6587 6023
6018 376
7081 10030
5126 277
5463 6766
7081 6495
4359 7616
168 7916
2287 3242
1130 4391
8862 7524
6110 2784
2438 8001
3160 3453
4038 6444
8292 5428
9371 4386
3238 3871
2649 8692
1857 7090
2602 4031
7886 774
3630 1683
9145 5785
7436 6081
8188 4307
6126 1698
6571 9861
3160 7456
6154 5837
277 277
2426 6330
4201 2598
6564 9400
6091 6126
1417 5370
6603 7625
6446 6914
4684 8110
7081 8395
1923 2598
6625 7664
8754 4668
301 521
6499 2033
1747 7846
1646 2792
3110 45
6222 2251
2041 5224
7886 9262
2092 7026
2334 3224
9197 7846
8424 4931
3061 4976
644 4668
879 3429
1420 6019
2023 6284
9606 2589
5522 1499
2885 2792
8625 8522
3630 5138
820 6049
4586 5984
6288 8253
5103 7937
7886 8839
5275 4647
3493 2262
4448 5333
215 4176
5972 6097
8796 298
861 6700
9100 4647
4858 4074
3113 6097
6217 504
6941 2947
7722 7086
7545 1993
7949 5990
5963 4735
2204 3631
6987 7445
7184 7266
4607 5006
9163 4592
4315 9181
5485 8409
8409 4365
7899 250
7890 1993
6191 3631
5398 342
6693 316
9609 5356
3837 2886
6400 1993
5773 5990
4588 4466
2241 236
10087 6078
6027 4959
5461 9728
3838 2666
2634 908
256 5670
9140 1417
4668 2589
5179 5364
809 8771
9397 6097
4244 6260
2811 501
5737 5998
5263 328
6418 3668
2275 8409
10046 9384
5428 9477
8949 7447
8409 9154
7754 242
6063 9400
9923 298
5036 7372
9870 9477
10129 1659
9606 2598
4085 6868
5737 7425
7670 5412
2952 7008
3149 123
6511 6097
6191 485
7700 993
2361 6444
7097 1601
7492 774
1124 5617
6091 2973
5041 4847
5904 8775
569 5853
2448 8899
4268 5606
2973 2792
6474 2128
1849 1301
7905 8386
8436 266
8655 8811
8237 5126
8949 4038
8522 9081
7425 8647
5478 2825
56 6721
6914 1844
7031 4386
4588 3604
5606 6721
4296 3777
6745 5355
9101 6812
9241 7910
4741 5428
2853 6971
2016 5867
3063 223
7937 894
478 5355
5212 4031
8073 4912
1370 1445
7937 9180
9544 7522
3857 7085
3723 9861
9468 9477
9343 1651
2973 3982
6391 749
7042 6444
1672 8008
8646 1439
5642 78
4197 8654
6324 4232
3433 5894
4405 5764
1574 277
8746 1652
5036 6063
1737 6444
8763 6444
52 6444
2551 6780
9400 4264
9544 7378
8860 45
9254 4592
6497 5395
3787 7132
9664 6321
3726 7254
5691 7664
5027 8842
3321 6538
3374 5461
3713 6693
6950 4074
2766 6126
6866 6097
6418 6428
2664 8949
1773 5428
9923 486
6073 4132
2598 7097
7664 4673
8842 9384
1417 9304
6930 3231
1417 6091
7937 2570
6045 5224
244 2792
9336 7065
8754 6012
2655 6866
5737 9541
9637 5341
1417 6866
6564 5163
6595 1581
5179 9468
5425 1982
8218 8661
4588 3791
4586 2520
8084 7664
5179 8972
3438 5341
4251 4668
6199 2433
2862 529
3630 2515
4242 4932
2137 1784
2192 2886
9468 9378
649 4138
17 7227
7846 1747
10127 5606
2598 5776
1805 1993
2303 9261
91 2265
5757 2792
5352 4038
6412 2206
3288 1296
6370 587
6636 298
2236 7030
9941 2729
7445 1403
5732 6780
4465 2863
3917 3910
7949 2792
7087 8091
7330 1296
9486 4588
2456 2470
7492 7392
639 46
7905 6864
9197 316
5179 1643
7814 2886
8175 8910
3896 7447
6418 2992
5892 10119
6892 9679
9254 8252
7949 5632
8949 3143
1169 6759
7196 2063
9094 4672
9163 7492
7030 2236
4973 4328
6906 8754
5865 5884
975 1080
8860 8949
627 8949
27 8931
7955 6942
17 4318
8467 868
193 6598
24 7492
2598 476
9468 5006
5245 1296
6059 5984
7056 6259
7076 7224
3429 10068
7846 4430
2694 8842
6495 1001
1257 1239
5116 516
6469 9081
7137 2560
6073 2262
265 3321
4076 6091
3696 391
6987 839
4260 7781
2952 7291
2966 2966
4887 6406
3041 5126
7960 169
2454 6285
3516 2421
1141 2784
3255 7090
544 6444
8791 2386
5125 7456
774 2473
9427 6264
8602 6236
8674 9636
7622 8101
7140 9153
4161 4386
1942 8715
4406 9468
1411 293
7782 774
8380 9673
5850 7610
4575 567
9304 8261
7977 7506
3800 3066
5368 721
4182 8856
68 1501
9477 5368
7977 6640
5616 5728
9998 1893
1494 4386
8848 5575
9986 5395
5179 6324
174 8811
8187 6672
5165 1893
3507 6444
2183 2973
4887 1653
8409 1653
4386 8156
8431 2287
6469 4882
6702 8691
6251 7090
6444 8156
5478 1653
9937 4031
5764 4391
9254 757
9571 3433
3723 8848
7287 9477
4703 796
1895 4200
3784 4647
9100 6444
4977 6571
7937 7085
3160 9861
4188 3723
9606 9183
9697 1730
6564 1523
3239 9086
7733 6023
993 9443
9429 3868
2769 3187
5718 2952
6972 9606
4760 5971
2332 8401
4806 8156
7435 8757
2452 6444
4812 3233
8250 277
91 3460
8041 4662
1998 4647
9658 4248
6866 5978
7667 9181
3937 1817
6595 7227
7059 2792
8754 3188
1417 2075
7485 5507
1717 3758
1012 7363
702 8078
7508 9594
3936 6944
2886 9486
8401 1486
6930 6091
328 2331
6914 1296
6987 997
250 4668
5579 6986
5369 1845
10083 5135
5185 2275
9601 4668
3 5990
6324 236
9236 5348
5737 9322
8157 7132
9727 2128
4005 6866
4260 8150
3829 4806
2251 399
4038 5108
1405 9700
525 9182
3462 1993
1012 9601
5837 2128
3755 9710
7363 6667
7722 8084
7695 1993
212 2947
5359 1110
2811 7302
1071 6666
2379 9878
6928 2063
1474 9477
4407 2974
8802 3693
6495 187
244 1097
4704 6925
9477 1913
2036 8340
6154 2234
4674 4668
512 1817
8547 7709
5154 8771
1417 1290
373 6922
3089 839
3630 671
7059 8448
4391 7664
1012 4592
7949 7881
627 166
6244 2792
6817 6866
1646 1097
578 9633
1997 9624
7492 7208
3255 7022
2623 5615
2655 7886
3613 3670
818 3630
5461 7937
6078 8347
4443 5342
8841 3967
5984 5006
7700 4132
7492 2914
159 3242
83 3544
6073 571
1974 194
10014 6287
1986 2234
2614 316
3242 2634
7363 7096
4819 5590
7059 4122
1099 4041
7667 9606
2810 4038
8645 6586
1247 7878
244 6097
4853 5665
2352 6866
10049 5428
1305 8842
2164 9359
5207 4176
3113 2792
581 2651
1817 10092
2761 7392
3220 8842
1216 298
4122 6724
5606 3242
9426 3242
6052 6406
5634 6428
3374 3242
2589 2757
7081 8047
6836 1482
820 8409
8949 4955
6186 9384
9500 4592
6914 6834
752 8753
6469 7870
3724 8654
4038 9938
7059 332
4150 4268
6505 4923
9106 1194
5471 4031
2302 6444
4386 6721
8654 7456
7463 106
9343 6085
1203 2259
393 1692
7023 5126
1539 7181
429 646
2102 9178
3374 8101
8009 1009
2101 4589
3468 9856
2696 3429
6710 7960
1004 9477
8471 3186
8838 632
3139 5333
248 7442
6808 6444
8593 6702
7790 4396
1652 6488
8949 9194
7081 1510
2221 2098
5952 4074
7967 328
2655 8066
1924 4631
7801 1893
5675 755
7722 8656
4385 1137
3309 5611
291 5355
8992 9372
4 3724
8632 6444
3149 191
820 4572
2847 7090
658 5984
1698 4647
2630 8242
6488 3541
3242 7360
6206 9667
336 2459
1836 277
1203 7506
1845 4391
1740 8654
4391 7456
174 379
7871 4899
3321 9228
8692 4656
6288 6572
1229 7372
6443 4197
3723 8692
5941 6444
9468 5270
91 6724
771 9808
8656 8692
1921 277
6184 3630
7887 3667
9228 2344
820 6710
8194 6640
201 3724
9593 1659
1814 7607
8736 8862
4813 2063
1817 9486
4453 7022
1287 1417
6469 403
9892 103
5409 6097
1097 10046
5065 2234
934 4668
761 7038
9081 1296
9718 4565
8382 8178
5939 5737
6889 2887
3902 4959
1012 3087
1483 8949
4098 5341
2632 4647
9026 6019
8409 3429
403 6721
1518 5532
3455 4668
7492 2337
7886 10089
256 7937
2299 9477
8409 9132
8901 9833
9900 1993
9226 10092
6122 2128
9347 4176
4973 6552
3297 6400
9624 8949
9468 4066
4176 9486
5275 4592
7120 627
2723 10119
6469 6586
4098 8628
7890 6872
9621 2947
8645 2792
4915 6057
6512 8296
10127 45
8576 9372
7369 1817
3061 7886
6011 1993
8351 516
9695 5606
8709 3814
5141 516
4568 2147
4647 399
6192 4176
7172 6598
9468 5522
8806 1485
10137 9941
4592 8839
9985 4673
1132 6986
2351 671
4260 3550
8522 4132
2638 264
2190 4929
413 9477
2634 4074
3496 8842
8593 4592
3951 6091
256 3061
9609 7645
5634 6097
5785 3942
3321 6724
6032 4537
2808 5210
752 9466
2520 1097
4592 8931
8949 4092
1817 2296
2761 9869
4272 868
6603 7949
685 7630
4673 4786
6498 2204
9397 2079
10049 6866
7225 5606
4772 4668
1611 6324
8309 6598
9254 2485
2868 8347
4893 8409
5737 8931
147 4940
690 8691
2935 8522
838 7900
6063 8754
9609 4592
5785 298
1377 4038
9624 4177
6073 3758
4674 277
8691 5428
3497 7564
4617 8761
4736 7564
2582 4176
8188 4260
975 5550
6418 8931
1301 4592
1796 2131
2582 9780
4456 6721
7846 6428
9400 5737
4973 4629
5625 9468
5735 1097
8336 6097
8339 5634
5785 1001
9468 9541
1680 2655
5417 6834
9609 8078
3321 6144
2448 5728
8409 4973
3493 3231
7520 8588
6329 4592
3238 2952
3711 6745
2634 4833
581 4074
1748 3242
4184 7881
174 960
5575 4386
6640 4538
9668 5407
5397 5602
6553 6444
9457 4098
9571 1291
8008 4031
8860 4662
6866 3693
8424 9228
7748 2973
2959 775
9878 9180
755 8692
4899 6023
8228 7602
3561 3455
9979 264
3242 14
4387 519
3242 3858
8655 8280
8654 4296
1968 4827
752 1761
2430 9221
9738 627
9100 4182
8881 8654
6716 2222
385 7930
1344 3724
2593 4692
5845 7800
3412 1524
3777 116
9277 4439
3845 5395
5564 272
5617 4910
2973 9544
222 4668
9723 5395
9100 9808
6565 3242
1592 4031
8691 8178
6279 10137
6324 1320
4462 3429
2705 3242
2700 4386
8971 6023
2634 3615
8741 6395
4811 8909
9188 3242
9228 5022
4391 4602
4078 277
6069 2452
6263 6097
752 4474
1672 5666
5518 4386
9798 6944
850 9165
2792 8654
9571 5764
1861 8054
3771 6023
752 3048
3754 5703
755 6488
9036 6444
10119 1840
3825 6444
2973 6091
6198 1108
8522 7380
2453 3691
638 9538
2480 8654
7088 975
9419 7900
7886 9201
6125 1445
7905 8717
8656 6488
8911 6488
4132 8918
4038 4386
4074 6419
10074 105
431 9673
1064 1866
2973 8949
3374 476
5879 4074
6460 7528
3998 6834
4588 1767
7846 7030
7886 8526
5717 9384
6931 5333
4994 8842
4976 6987
4456 4176
4098 2886
2598 6638
8566 5036
189 9197
1643 5606
7975 9177
5919 6598
5435 281
6383 6759
1012 5036
2634 1130
6495 4499
8721 4973
3885 3242
2206 4132
7553 6428
639 1730
6091 6321
9780 5606
5292 2952
3197 3766
1111 4647
2956 7664
6957 752
1817 9384
1111 671
2262 8091
9905 2376
2598 9444
2591 281
6930 4976
8366 5194
1475 8974
3106 671
9357 9384
5311 7008
8091 7664
2598 9192
7852 8084
10125 6598
8547 3832
2251 9477
5439 3429
3506 6598
6460 5197
3554 4973
5837 6406
8409 1130
7801 6019
3930 5439
1251 1993
9597 4647
4413 4167
4210 3374
1747 2992
710 2251
375 1437
8479 7890
2952 3429
5725 6834
1646 6097
6063 2294
516 7217
1097 7913
2957 1317
6693 4824
4247 4176
2598 6406
6073 1651
3576 298
2886 3242
1868 4647
336 6700
4468 4662
8617 7208
1018 1085
1285 5885
9163 1659
1030 6097
2582 4087
5737 1015
6885 1384
2183 8522
6949 1296
5352 298
5475 516
993 298
7137 5674
3687 3841
3929 1428
1587 3983
6078 5341
9304 2952
8713 6598
5106 7010
159 1993
1747 5390
2807 9939
9226 9486
8945 4592
6791 2792
5960 7659
3224 5579
627 7286
1009 4583
6073 4074
9571 8949
2016 9304
6288 1601
9254 1660
6470 7844
5757 2952
525 6078
8949 4973
3817 6097
3391 5805
328 2595
328 6063
4947 3374
7120 1097
3630 9094
316 8078
10019 2886
4361 345
2969 166
3630 7445
6091 4973
3149 5196
2104 8169
4392 6321
2075 7439
4092 6406
7700 7380
27 2992
9468 9180
5036 3429
1984 6263
9094 31
17 5764
3242 1745
7447 9304
774 2792
3061 2272
4132 6724
663 5036
3274 8643
6488 8726
362 3242
3342 4352
6469 3238
8120 8949
2553 4912
6341 7610
5644 4474
1510 6324
9878 4386
5864 6767
8031 277
4031 2578
7399 409
1194 8156
5174 3982
1350 6571
3255 1443
2345 1746
3061 3887
615 6097
7843 9827
4439 8654
2578 1124
1683 8685
1720 8757
1481 7090
1562 4502
4647 7456
1803 5355
6866 2935
6063 5608
2602 6521
8604 4861
4391 6695
5186 2421
4122 4386
2741 1840
9024 3640
9723 9808
4498 563
2708 6811
7685 1124
215 9153
3932 8842
4365 5428
3380 9477
9450 2649
1124 3429
4154 8409
2318 3183
2705 277
7287 501
658 6474
3429 8692
1591 4031
9163 9347
2262 8168
771 7733
9571 1125
1332 4013
2552 5790
5287 796
3438 31
1203 8654
6091 8658
3701 6721
3762 3724
6564 4647
9024 7487
6324 4248
820 7620
2952 1964
9100 671
9254 8563
6370 1817
8804 9384
1417 3837
6610 5163
1512 4074
1662 2669
5061 8078
5887 8842
8923 4647
2185 7392
820 4351
4733 328
1617 4281
2866 6629
1365 2222
310 4074
2445 1403
6395 9109
7886 2419
1251 399
1434 4668
3800 7286
4043 6717
6866 4228
6505 4041
2039 8150
2023 2128
2479 8163
2678 6724
7597 7900
9468 2576
1669 6748
4239 9874
91 6657
8163 8842
385 8700
6017 9027
5019 2234
5879 8668
1670 1510
9601 8522
10130 586
6872 3242
5758 9771
5974 9477
5486 1264
310 112
8188 4674
4005 6699
4365 7140
5984 5987
6245 1456
8926 7217
5649 3078
6469 3842
1773 2472
5461 2426
1931 8654
7937 7709
9438 5606
10027 8150
1748 5082
6423 8842
2440 8842
8949 681
7905 4616
7517 9094
7399 8395
4132 9397
965 277
5578 5579
5737 2601
10035 6598
9140 1627
2204 7896
4653 8409
5911 5737
6469 8654
2495 6598
5737 8753
8025 3211
6740 1993
3255 10035
5897 5428
4386 917
8276 2459
5959 3108
6972 1730
8365 6693
5737 6693
9937 516
4820 2331
3603 5990
316 6428
1654 298
9397 9748
6930 3630
8860 7257
3542 6191
1417 1097
7184 2485
5533 3544
8576 6710
476 4940
6533 8842
3876 4074
7330 2886
27 6693
3108 671
6017 3242
6817 5485
9829 4234
2382 5606
6102 5537
2334 7392
4021 1428
1351 5439
3374 820
2952 10107
1875 5341
8843 8661
8339 9236
8494 5397
5608 2222
5785 627
5987 8162
3749 8949
7667 8974
1853 6063
1747 6097
6940 2937
349 4950
2952 2331
7445 4636
2792 6418
32 4887
2952 45
6921 9710
8535 1817
5911 3520
3665 4132
8409 3238
7030 6097
5397 9306
1451 8253
3268 281
2075 5737
4804 6085
45 7664
5952 4132
301 6085
4674 3164
1210 5224
9027 8188
10136 8643
3542 4647
644 3023
27 6097
5420 6263
2262 4973
4460 5737
4038 3178
6881 6977
4462 2087
3696 411
4632 4479
9443 2952
2785 8839
485 3242
6085 5984
2128 5606
8319 277
8833 4391
9304 328
9571 1099
2634 4026
9275 6315
5828 4182
1653 14
2551 8572
7023 2407
4806 9228
8142 8692
753 5671
4887 4132
8833 8848
7081 4923
3412 5355
9352 277
8633 8522
9100 5395
4907 8692
8411 3160
3298 1013
6866 8261
2922 8860
8187 9714
8949 894
9830 7977
2553 3242
8842 1124
7227 6023
2552 9580
5395 7506
3545 4391
5909 7648
6530 3640
9094 4899
8905 1273
6018 4647
774 6126
385 9494
9003 264
9986 9808
9544 5376
2262 1069
6564 7579
9764 2734
4037 1253
6571 7456
3507 277
6677 70
997 3724
8129 8860
3630 2973
8054 9228
2674 6023
7559 4197
6745 5687
4647 9861
1124 5554
6017 2376
8691 921
174 7227
8731 1893
8487 8654
4736 9878
4806 6023
5865 1069
8371 1157
1203 80
9544 7506
3321 6640
5162 2992
6091 1964
3160 2284
8450 9195
3091 5721
3238 8904
9304 5851
7733 4197
8261 9322
9094 7122
1228 1510
4607 1013
3242 4861
6866 3292
9100 277
9878 3771
8226 3428
1709 4957
1747 6418
7137 2792
8949 1242
4182 4410
9384 8910
1942 263
8922 3134
2204 4673
6987 2023
6103 1168
2929 6063
8931 2276
4260 6826
4260 277
3428 5785
6834 6097
8522 5606
9780 2759
8954 4887
3598 9477
5984 8297
5015 3563
2296 9357
2634 2651
2602 4281
1061 399
1948 5884
6032 8654
1200 8640
9796 5909
328 6097
8150 7886
538 6097
8341 216
9757 8493
375 6650
6251 10035
6073 2101
7864 3374
2722 3356
7874 6629
8754 1653
996 4647
2669 6866
4386 9477
2686 2634
3438 5428
7447 4176
2699 8085
9263 4673
896 3119
2570 2572
5892 3915
8929 5217
5606 5909
7886 3793
5398 5469
4824 2655
2602 4493
9624 6063
8868 2002
1695 3242
9624 1784
6063 7874
5983 1183
8768 6834
6244 6097
4684 671
8020 1993
4950 6598
4684 4647
6191 7097
4824 6063
219 6434
6428 1039
270 5467
8674 4176
8843 5126
2655 7937
2169 9181
9941 9477
4564 4176
4005 2023
9404 3242
7399 5467
501 4592
485 6097
7680 7224
2807 298
9590 3693
7492 7509
5179 8842
2655 10114
5432 8115
9246 4647
7081 639
8625 7094
2164 4677
9116 9384
3656 6721
7363 8303
9601 9094
8566 3263
5493 4950
4617 7049
91 9665
7236 4244
6063 4411
2108 8409
9246 7921
4574 4621
2486 516
7184 752
9506 6398
4074 7844
8053 2598
5454 594
4926 5341
2810 6430
9624 5506
3374 345
6842 298
782 6724
1165 753
1071 6104
8961 8150
5207 5737
8319 2895
342 3242
431 1817
7630 6638
5817 6085
15 5485
2474 9384
4824 7286
1680 2634
7843 8409
512 1296
5626 1097
613 3429
8906 6019
7937 9606
996 4668
9609 304
5952 328
476 1009
7664 9660
7081 1966
6698 9477
4976 5275
3630 6091
7984 10092
5960 4074
3693 6085
10077 9304
5275 5737
1720 6078
3242 3012
571 8668
6063 8654
1247 298
4386 4806
4122 4132
9102 7890
7425 6710
8615 9477
2204 9803
9254 8146
27 3357
820 3693
7700 1247
9218 8842
9348 2838
3374 5166
818 4351
7650 9236
4778 5728
2236 4430
6495 4074
8691 3242
2598 6144
3374 4197
4607 4074
9601 2222
4973 2724
7967 501
429 328
1012 5432
4592 5395
1710 1244
8121 6982
1185 3083
310 5355
3963 5428
4179 9606
2502 2023
6940 6657
7120 2426
4413 6657
7574 9418
429 6773
9468 1698
8496 5764
2645 5318
639 401
17 7929
215 752
7336 8244
8692 797
1151 8654
6125 757
351 8242
8998 6488
3628 2283
2433 6091
8909 31
5994 4806
5715 5287
3412 4121
431 8654
8380 2262
2655 2718
429 3846
7351 774
4154 5853
3769 7090
6191 2520
6324 3542
9094 3292
2222 7487
6565 2259
6987 426
3374 9477
3232 8714
6488 3953
4391 3858
277 4973
6767 5606
8833 9455
7985 9808
8833 2578
4752 7916
6530 2792
3858 5617
1494 31
3429 7456
2952 4806
2023 5445
639 8261
8409 592
9625 9735
2229 268
1309 4074
3599 8862
5436 3321
8702 3242
1819 5572
2023 6657
2536 7886
1772 8244
4265 3724
2952 2048
8156 3786
3562 7424
996 8654
7305 7752
10119 5355
5103 3374
7492 2204
7164 4861
9047 1209
7447 8544
4386 7977
8566 4686
1350 4031
3239 4401
1995 6925
10074 8242
1124 4861
3070 5728
3120 4391
2577 5593
174 8373
5264 9477
1417 4647
9084 4647
8889 6023
5212 7090
1066 6097
8532 7886
7542 4652
8027 6444
3857 2570
4387 3908
9163 8856
7213 816
1194 9455
2350 6315
6630 7090
2312 1893
6931 9477
301 5884
3419 6721
8945 403
2591 1009
5735 6097
5103 5955
9303 6097
9258 516
6469 8333
1062 1602
7396 8064
7197 6598
4806 7664
3611 521
4804 4621
6693 3000
6324 9855
1747 5634
9100 8110
1817 4806
293 226
3487 6834
6940 7137
7886 5704
6406 7147
7988 5990
6470 9153
3630 681
3842 1692
8021 4206
1021 671
2075 4806
4132 4647
7492 8972
7409 6930
2642 7217
6748 4430
9468 9833
9683 9606
2107 4365
6416 8909
6029 8853
9870 7217
10041 2128
6270 4790
6959 2147
4807 9384
622 6284
7754 42
5179 6469
2669 4391
573 8281
413 2487
2247 5250
9140 543
5289 4959
8754 7380
2956 8295
7617 4176
9581 968
7498 7392
8547 801
7439 2937
10062 1817
10072 8084
4260 3061
2792 2072
9347 298
1805 9477
378 6439
10071 6602
4588 215
8645 6097
5067 2128
6039 8110
9749 9519
3374 1845
8982 10107
5045 9624
5605 6598
2379 890
9140 298
1709 3937
627 2171
7205 8643
1066 6834
3800 5753
3493 8668
4324 8162
5011 474
2885 6097
4237 190
8906 4647
4386 2920
4840 6817
6270 4074
4772 8401
4365 298
9400 3771
9438 8860
7747 2886
6693 7488
7582 750
7949 894
7387 5665
9246 5632
8182 9468
6383 4997
846 4887
1626 4395
8642 4176
887 8091
6460 6259
6664 9094
9845 8484
952 4377
6272 223
316 2236
4733 5428
970 6119
5649 4879
1285 5606
8319 894
158 6864
1012 1012
7363 4668
10117 9710
9609 5796
5311 8401
8856 6374
4122 5103
8685 5616
6216 3048
9695 7363
8482 3321
310 2245
6321 1417
5542 8691
8642 1805
6073 8836
2723 7538
3321 1845
7059 8188
7508 4281
1210 9710
7059 1659
9718 5737
7059 9601
9609 9236
6914 7007
27 7390
7081 10119
1916 6097
8261 4132
7059 1680
975 5958
3645 3321
3143 7890
2262 6406
3929 5101
3616 4950
5486 5367
8218 5958
627 3374
2778 3252
4674 6000
6559 2775
2952 588
8178 2537
2952 1130
5634 8078
1809 6960
975 5126
5292 2452
8785 6598
4247 2952
2886 9973
1066 4484
6581 8542
7492 3321
9303 2792
8917 2857
3451 1247
6128 3242
7059 9363
586 3242
4592 3321
8949 6576
7559 9228
5395 7456
4592 8190
6366 9477
3090 1653
4973 9323
3342 256
8949 3022
1350 1653
6702 5737
501 4516
6488 6532
3629 9254
4751 873
3977 134
2955 6702
4674 2914
615 2032
6971 7506
8647 8654
338 4031
5318 5415
3429 1124
945 3242
2973 4564
9073 7506
5996 6035
7971 1653
6324 993
6914 8860
7971 453
5592 31
2389 9936
1258 3640
501 3693
2474 8654
6834 5298
4588 2480
4806 8848
7886 4121
2649 5368
2281 5333
4899 5606
4387 4197
3515 3242
9258 4647
3516 5836
4903 1653
8144 277
4386 8848
3428 4386
4819 8544
3238 4940
4453 7900
6971 4197
4265 6023
6144 7644
6565 9066
17 7937
5234 2994
3242 10003
6469 1403
5141 6571
4391 1124
6391 3546
6040 6444
9168 2075
4213 4320
3438 4031
6836 201
3273 6866
1462 2275
6587 8848
2645 720
9851 201
6914 9538
581 328
2577 7090
4400 277
3274 250
2073 908
8833 5606
755 5606
4973 3923
5638 5395
3493 6564
6469 8244
1905 7929
2128 4197
4568 6710
7525 246
6688 7090
4747 926
690 277
3177 6571
4887 408
7517 4418
2329 6444
10127 6266
2935 7819
2132 277
4992 6034
5737 1385
4460 9153
2302 5395
271 9035
7355 755
4336 9938
7782 9094
7674 6444
9913 8692
8746 1344
9304 1708
9420 7595
17 7823
10039 4261
4912 1124
5019 5837
8382 2121
5592 4386
1893 9090
6091 2932
7526 2785
8427 4031
5081 3723
199 1652
6044 8654
4568 6827
4275 6721
4676 3630
3640 4897
5551 9429
126 5341
9361 3986
1747 1747
9904 778
9204 133
8213 6321
3885 5579
9351 226
5892 345
8872 1653
9027 8829
8614 752
4454 2669
4820 6097
4950 9384
6238 3544
2017 10049
1752 7524
6269 3814
7120 7844
7437 516
2634 6699
944 298
6589 4783
9004 6987
8032 4973
5330 3778
4806 5909
5278 7007
3135 4176
717 529
8984 8842
2607 4391
3616 9429
8839 6693
6748 6097
5005 328
3397 2598
5634 2992
2002 9557
6987 2757
8366 2222
91 4394
7236 10035
8986 2128
4208 2128
2188 3814
3846 6552
5785 9683
4133 8842
7363 4391
8254 4940
7846 6418
3455 4413
9601 1907
1417 3061
2448 3836
3412 4176
8007 6629
6748 6428
8802 6085
3748 8842
2792 399
2247 8842
8926 9477
4156 474
6073 1824
1296 2623
2023 5984
2204 8281
1817 9660
2647 6944
1089 2873
5626 2886
8909 2886
10117 4176
7291 6866
9372 2792
9753 10068
3843 5061
5496 5737
1687 581
1265 5606
6914 9520
2471 6012
2952 645
2785 2222
220 8707
7059 7236
2598 698
8276 1085
6033 6097
5267 1993
9542 2138
6063 1307
6085 9467
9601 8341
3634 6866
2723 6945
8505 8661
9601 4985
8921 3712
9378 1486
4858 4832
6078 9833
5606 4929
4616 6598
7984 9486
3139 2262
887 4281
10011 1659
2998 3866
7283 1615
5179 5671
7684 3061
7492 1653
581 4132
6063 4806
5018 9606
2886 2623
9683 7064
6279 9679
847 3462
7097 3915
8486 7664
4607 5785
7896 9154
7890 2204
752 9541
3885 1993
8351 10035
516 3224
1911 8781
9384 9660
6710 6866
2570 548
9624 5428
6010 1817
7037 1517
403 4074
9766 8448
9082 8842
7137 6618
5485 6421
7546 1993
3429 7217
9400 219
501 4395
8691 5126
4468 8932
7632 7492
3696 4146
6019 2204
5001 9477
10019 5737
7427 1398
4468 45
27 1097
7053 2952
8458 9794
6406 2262
9922 1009
3429 8401
657 8340
4677 6097
9905 1427
1905 6097
5243 8513
6063 5620
9601 298
3696 5377
8754 2560
6073 8289
9383 301
5292 5224
4806 375
2537 328
8640 5909
3748 3374
359 6802
7886 9878
7059 3061
8347 5435
7498 6577
5179 7801
2655 5485
5909 6987
1247 1634
4082 411
4480 5846
3859 4592
6469 1085
6383 1966
5737 1990
7209 269
1887 6091
6125 6700
6926 4182
7492 4833
8150 3937
6505 17
9094 5275
7435 9182
8182 8842
6073 6866
4638 627
4399 2234
3106 7487
7517 2294
5984 5785
1995 1097
2206 7487
2023 2598
3232 1171
9477 1489
4260 1012
2634 2775
8400 1879
5166 1184
4074 3205
8691 4668
1210 8064
7492 9468
6693 3061
9044 6611
1916 1097
452 3360
3427 2128
3630 2426
2426 4973
7689 7950
6621 9050
4687 5226
9468 4264
8229 1601
5960 6063
9322 277
8949 219
8409 7132
4668 2792
5606 6488
3630 8522
944 2952
8860 4668
8427 7900
820 6324
1377 264
7439 4660
6934 3242
9965 2421
2900 8654
5150 2259
7819 721
9851 2452
3297 5407
2929 3680
6073 5879
2878 8178
8107 4974
4836 6721
5984 8008
2769 1652
6512 3264
1099 10119
2205 8656
6324 5197
2649 8654
6087 8409
3423 4622
45 3724
8949 6492
8151 6023
10039 2259
3505 9833
4573 37
4248 9808
5414 3723
1755 4524
7453 5395
181 5853
5615 5606
5439 3433
9899 5687
9965 1244
5996 6812
2347 6444
1624 1730
7955 394
2802 7090
7474 1836
8971 8654
1653 277
852 277
3800 1161
5984 277
3160 2925
4446 3429
5984 7644
1831 248
10085 1653
8182 4912
9756 5764
6444 3858
3516 9938
7016 5368
6866 8654
7886 5439
8848 6532
4391 3908
6525 7132
4474 6175
9698 56
4549 8250
2578 7506
256 7781
7736 250
8239 1194
9017 1653
10030 7752
176 8244
1760 5233
3214 8842
3769 4031
6298 5479
9013 2738
1915 10043
9228 68
6263 2331
277 3858
7415 3541
1747 5221
165 3242
9304 8860
9427 511
3723 4197
3220 5666
9251 3429
939 3299
2320 6129
6745 1599
7971 7616
7620 982
8848 1124
8373 6023
6245 3429
7931 6444
6681 4391
4038 8150
277 2022
7463 6444
4899 9228
4806 8654
9157 5401
3732 5643
2545 5027
2520 7844
2847 4031
218 4668
3242 4275
2262 6721
5785 401
3321 3724
2552 4595
3640 3724
3566 5395
5764 5909
8546 9477
8906 3301
7622 1069
2741 201
884 8478
5202 9228
1857 6246
5036 9799
4887 6456
7834 4912
7081 5972
2517 3281
2453 1641
4291 8476
1124 5584
4445 184
6370 1888
999 298
8409 776
9397 8654
9644 6023
4296 1745
9667 6080
5454 5103
1656 2132
6154 6672
7899 4876
7492 4621
2886 3224
5608 7172
6370 1398
2713 7664
9468 6586
3429 1009
1773 10140
5955 6598
3429 9486
6834 6478
8556 3965
3374 1097
1669 1747
4468 1222
4480 2598
4786 7392
9699 399
5596 4647
8592 9776
4092 3242
6027 9182
9671 5541
3380 9710
8534 8206
3654 5742
8789 1264
2920 6607
1417 752
6469 3693
7597 5691
7221 9477
166 6551
8461 6019
8618 5691
6941 7096
1499 6097
7886 1130
5865 403
675 3631
2351 8110
1899 4074
673 6315
2811 2759
1981 7664
5737 8754
6564 250
7492 1301
8615 6922
6791 6097
2570 3043
9027 9292
3434 8655
2669 7886
800 1130
322 8069
2369 4581
7539 2692
9429 3462
8188 8931
9468 2331
3837 345
9966 298
3108 4662
2162 6048
3630 9878
7402 2147
2558 7085
4973 6914
6930 8931
1346 7319
6696 5757
7937 4395
3374 3832
3438 7224
887 8020
6866 10127
6598 2728
7492 7296
3321 2792
942 3659
6930 8668
887 8409
8856 4255
4544 6801
3384 9477
1232 7937
9292 5352
2236 2236
8225 2507
2439 2330
9619 1456
8138 6907
476 2792
7026 6191
5201 3986
7664 2204
810 516
3438 8842
9140 4413
3100 5166
1251 2296
9744 2598
7551 7227
7992 3357
281 5109
4038 5972
5180 9833
7410 5776
3771 1993
2143 5678
4367 8842
4976 4453
6135 2128
6191 6406
2110 1817
886 993
5098 9242
2772 6063
3561 5606
4159 9520
9019 4832
9486 1486
4973 4052
2598 4418
3242 3667
8949 2992
3 5606
6914 1075
7330 474
7161 1993
5984 6586
3088 3360
8129 8857
8755 6986
2110 3429
8243 5737
9904 1317
9738 7867
6324 7097
6987 256
2204 7236
3164 3728
1503 8172
6469 5390
8747 2886
2262 4038
7682 3868
887 820
8409 9483
7886 7038
4612 3194
7023 3920
7198 5522
4280 9660
9094 2792
6469 9541
5960 4896
6191 2397
7886 8150
6428 5735
5471 516
2854 4923
8014 1482
9601 3695
9070 645
4820 5341
4382 298
6017 7030
9949 5061
6693 8078
639 5737
4976 4074
5684 6097
9105 5461
8619 10092
2292 1993
1164 10035
8188 301
256 2262
2952 9627
6636 2992
525 1482
3135 9261
8382 6868
9957 8074
8754 6834
7392 9941
7599 6629
2278 6944
8297 6097
581 1314
9618 45
6033 2792
820 6085
9081 1817
8522 6317
6469 5131
8522 9780
6745 1296
9286 2485
316 2992
2944 6944
1271 4176
214 7757
7890 9477
9027 8863
4824 3321
2192 5341
3226 7073
8059 4824
5737 7196
7843 6629
2023 2379
8409 65
5409 8688
5430 6914
5147 4950
1012 2598
7700 328
2952 5984
8188 3061
4074 8401
5952 3266
1996 4647
7030 6428
8117 5152
1140 8150
7697 4176
2952 976
6263 8563
1285 1506
4480 6864
4674 3500
8188 256
7023 1099
7026 6395
9898 2658
7517 8563
4122 6892
126 587
818 910
782 3069
5566 4647
1002 4410
9601 752
9094 6097
6263 627
301 7960
3077 2952
4447 616
7030 4430
8078 2792
5675 8860
5103 9624
8909 8383
56 2792
10127 7487
5837 7248
4674 1783
1417 6239
2275 5395
8902 4592
9081 2421
2162 9181
9036 277
1653 4489
1194 2578
1035 6444
9461 4031
8471 1833
3693 1708
6866 5118
1503 1244
6443 2692
256 9052
4122 3469
7848 7132
6213 4710
303 9423
9140 385
2386 3977
1494 2121
4778 1168
1012 3359
690 4622
4830 3242
6251 6571
1079 655
1255 354
8692 5345
2830 8916
1887 4386
1142 4386
8054 6023
7910 1893
5275 926
380 8654
9101 3187
7801 4023
1124 4391
3242 2022
1449 6721
5837 9808
8532 4861
6194 8656
2016 9503
4351 9984
534 422
9804 1652
6443 6488
9842 3356
4197 721
2409 9352
2594 7733
6914 250
222 9984
6755 5428
8185 7985
3801 381
5166 1835
5887 277
1972 6571
3411 7679
7359 8971
7897 8570
7196 2023
4887 3723
7164 10137
3784 3347
5272 8244
6836 1893
3693 6018
14 4064
4172 1194
9256 1345
4666 3429
6603 1077
4284 1447
6371 7723
4914 2992
8803 6063
8839 5395
8860 2550
7360 4812
3892 7259
3171 4386
8207 5836
4311 1653
478 776
6978 2775
8194 3420
5439 4268
5864 9340
5445 4197
8412 3429
10058 3465
2963 3242
9026 7123
429 8549
1448 1069
903 563
9094 2421
6444 8848
8229 9468
6469 980
2594 277
8409 774
1203 4197
6721 2552
8931 8692
3041 1652
8380 3409
5406 8401
3238 5984
9076 9544
2840 277
7359 5315
1653 8156
3735 328
1668 584
8581 411
4309 4391
5895 8842
8923 9571
2222 4662
3547 9103
3810 250
6346 8960
2935 14
8519 7064
8167 8692
2594 8971
5278 8937
9970 9245
2055 2259
17 8373
2947 45
5865 5355
8028 7087
6603 577
7971 9274
6497 9808
9667 7254
6721 1350
6681 4074
371 5984
56 1069
682 827
328 5984
158 9304
715 1893
8156 8689
8918 8150
5292 8757
6330 9256
900 4386
2578 3440
9071 5395
6514 744
9606 1452
4391 519
6265 1344
6443 9228
4989 3785
3440 3242
7132 7977
1417 615
5522 7664
3455 9372
7399 1097
5761 3433
6803 8842
716 701
2161 3544
6926 7844
9477 5502
8150 1581
8188 6428
5036 7291
8162 8842
1218 1030
9923 2792
3953 6019
6324 4806
2598 3188
3298 4304
1009 8910
6828 6978
9284 263
5439 1817
743 4132
4574 3630
820 9624
5045 5094
6063 188
9204 5
2873 3242
8661 6598
7498 3224
8008 516
8357 7380
5785 9589
9397 6498
9601 8993
5262 6944
782 2803
9136 9182
3910 9477
1012 5897
5945 399
7967 1275
1578 2128
1345 9606
4209 2128
9920 6657
6900 6824
4503 1296
10049 9432
586 345
7949 6097
6598 8158
7492 7319
7311 298
5879 4973
2343 3534
627 7949
8040 1055
993 3707
879 3640
7447 1743
8854 6540
8653 8842
4600 8387
9559 1239
908 2234
2927 1184
6817 328
627 7292
7225 4074
9223 2589
6987 4413
2608 5333
1823 3429
6353 671
2979 4411
3977 1186
975 4066
9160 1091
5073 2128
1993 7596
1071 5170
3484 2426
6499 3204
3147 411
4339 545
9126 3544
6017 3889
7081 9339
62 9520
1796 7222
8401 9477
8500 7900
7937 9477
1346 5918
4976 1817
5737 4950
7492 2515
56 9610
7445 5608
9833 2204
1613 3967
4035 4973
6474 6400
9920 1428
1009 9660
2017 1041
9477 1467
3633 4182
6238 4973
6302 7217
2210 3598
2886 3246
3300 3534
6465 586
6091 6834
6987 2598
7030 2992
4564 8754
6693 3355
6142 5984
7705 56
649 6866
5649 2698
1012 4674
8380 8654
6200 6710
1942 1730
2778 3061
3417 5367
941 5485
4959 3242
6889 2792
2815 5754
8821 7445
4668 8691
7429 2897
5737 6001
6191 3429
2862 1659
2655 1012
3300 6302
7059 8931
3234 2275
4702 1191
2577 4009
267 1236
9397 9400
9704 5435
3534 9477
6370 1296
5092 2638
8576 4286
5909 2634
9477 9840
4111 7224
6921 6233
7291 263
6469 9747
8137 8341
10137 3242
9119 4668
6469 5275
1099 2638
4674 5352
7640 5670
2465 7172
8566 6864
8188 4122
5225 399
3940 2251
8019 1435
7846 9236
6498 1993
6469 6321
5984 1966
8467 787
2110 5469
2886 2531
6085 4484
2785 8150
5275 2759
5737 7870
6495 1966
1438 9627
3696 9546
1697 2506
2036 1817
5984 8691
597 3703
9477 8884
8229 3321
3700 3390
690 2872
256 1097
6010 1296
265 5806
10026 5103
8989 1820
4813 7886
459 8842
4749 267
257 7605
10088 8842
2147 7664
4164 1296
7898 2631
2023 9180
3574 5579
8297 2785
2952 2147
5945 7217
8839 2002
8729 2785
8522 1845
1025 1296
7886 1834
5737 157
10136 1017
6211 8253
6073 6063
1191 1986
6953 705
9400 2747
5034 6321
5003 5196
4673 4725
4242 4647
1794 2886
1251 9384
62 596
9973 6577
4673 7392
8631 3937
6063 5984
4696 8401
5785 4092
5352 5103
3061 8178
8275 8842
9609 9603
6018 4132
5036 6441
8467 1296
8175 4673
6085 7291
5251 8895
5909 2291
1495 6233
5701 3321
1417 2222
6511 2792
7517 1845
361 56
6238 8020
6465 2426
5098 8331
9486 2828
2205 596
4122 3542
3242 4653
202 8842
1618 6091
2634 6693
6191 1601
7896 4327
9234 3150
5309 3472
4005 584
4103 1296
1809 4365
9616 45
2952 2128
5321 6284
616 7077
9324 1292
833 5670
9572 4471
4973 8666
6900 4592
5984 9606
256 92
85 8150
4592 9400
4132 3724
9163 5737
7937 5390
4429 2952
8567 6091
7681 7553
7789 6693
1078 2783
9076 6097
5599 7881
6029 882
1819 9094
5036 328
4041 8656
9649 6578
1470 1344
4887 148
7132 3762
789 277
6017 1427
4275 850
228 1472
7834 31
5150 7819
7697 8544
3806 8702
277 3160
7971 9406
8470 3242
9304 3395
4218 8654
6073 2636
3250 3871
5573 5096
5352 2631
2798 2785
3504 6073
9847 6018
1849 6034
3242 4647
8361 7844
7508 1653
8692 3452
3238 5420
4674 6657
6427 8041
5606 8848
8857 7132
7445 3321
4 4197
2055 8842
8036 2075
6984 6281
1711 4109
5693 1794
2208 2952
9365 8656
3429 5781
3160 7649
6017 7040
8691 3575
9872 4592
9448 1708
328 2771
2147 8654
2973 2598
5879 9560
10127 4622
5000 4031
6488 2652
9595 6444
9571 7484
8262 9033
3825 277
6406 1766
5764 1124
5606 7506
3932 960
5355 5606
1462 4268
1301 6097
291 776
4154 7433
7780 1124
2902 7008
1980 8913
8691 3346
3908 3465
939 5755
277 9228
6488 697
6565 8842
3683 3519
6198 3786
5764 6488
5737 8001
3759 277
7170 9606
4906 720
7081 8853
6191 8471
5211 298
1968 6091
8188 6806
6587 8364
2950 6971
1791 2480
8811 9228
5865 1311
5894 9792
4112 7649
4038 8244
1809 9607
8501 7900
8405 6340
8054 4197
3061 1724
9111 3429
4973 4537
8842 9033
5450 9455
7897 7401
4038 2590
3640 6023
4912 9861
7886 3176
15 1730
9468 1485
7492 5908
5136 9878
7893 5318
4351 6066
3723 3160
8599 277
6805 720
6623 6597
3723 2259
7201 5823
5162 4264
1808 4696
3429 2578
3696 6203
8241 5407
8860 10127
4037 4628
2262 8101
4359 1653
2603 4391
9257 277
9119 7008
3733 7685
3083 6023
3238 7844
9088 277
6488 4141
989 6324
6073 7766
8116 8784
3182 264
4647 4391
9286 2075
4169 1866
7339 1066
1970 4074
6676 3724
1099 7302
6459 6668
544 5395
9051 3242
9371 5837
639 4146
586 8242
5165 908
5036 5126
1979 2550
818 1746
17 960
1259 1124
3630 8862
9824 1840
5025 5318
5049 3429
6444 4812
6301 6571
4760 7487
1203 9962
9073 9228
3242 277
3025 7529
6702 5108
277 7819
6406 6444
9304 394
6356 4647
4759 3578
3373 6191
7010 4781
4168 5836
6406 9954
3858 4861
7439 6866
6359 6474
2814 4296
256 7332
1194 7162
8086 3724
7472 3242
3242 7977
1636 5395
4607 2570
4391 964
4845 596
5680 4665
6966 6335
9552 4031
7886 9443
1417 3130
2737 6640
6514 7768
6085 6657
4973 6312
8159 7132
930 7616
3777 4573
3741 2886
4157 1296
3059 1184
8754 5897
6914 5397
1417 6564
1417 4674
1455 4973
1149 3240
1365 4365
6406 778
1495 6498
250 1296
7682 6430
4456 6498
636 2204
7030 27
3455 9016
5615 6598
4924 2234
9094 305
7399 6229
1508 9679
5156 9520
5404 5428
4005 3374
6930 4132
8887 4647
5838 2792
6052 2275
7774 4421
8727 2974
7097 167
6222 596
2346 868
7741 5536
8672 5189
1394 9232
5443 1080
3184 6395
4097 4250
1366 7227
1012 5729
4674 5687
5567 587
7846 6097
8892 8842
2288 2033
8648 9094
470 2792
5042 3967
8522 1968
4472 6866
9299 4838
2470 4176
7377 6724
2219 9231
5439 4592
8273 7664
9624 8091
1097 4508
6089 1307
1285 6699
528 675
876 9477
8939 9477
516 2276
2446 8974
7875 9384
2598 2515
2923 9486
4954 1298
256 7912
7784 9496
754 4182
5034 4668
3300 5182
2057 2886
8671 8150
9612 4806
5240 7302
2251 8401
4158 7172
5737 8401
6310 328
4006 6658
4080 3462
5404 9283
9359 399
5352 188
613 3462
5737 3043
1247 2262
4806 9553
1805 7664
4673 3631
5589 1790
1747 3668
3841 6586
4260 150
8949 3263
1005 5110
5103 9998
516 8401
7221 7217
2533 6063
5310 209
50 5394
7196 8401
6192 8330
2213 8691
7550 7172
6194 4950
256 6987
4588 6604
9397 2426
8856 5897
5152 6321
3039 5699
7224 9660
8339 316
4900 3227
9624 3374
4824 4728
8606 7520
1417 7886
6564 9855
2728 1009
8755 627
4244 3771
8909 9378
6073 8471
1251 9477
2522 6731
7494 8817
1561 2952
187 1296
2577 4281
3800 1097
8618 8842
8269 6097
2792 2185
7387 2965
3200 7034
557 5877
4091 9617
9094 6754
1916 8347
627 8426
4356 6710
1288 2886
9621 5411
5737 5390
2565 6794
4743 9477
6469 2275
820 5078
88 1264
9197 5170
2684 1296
2498 6598
7435 8330
4244 6586
2761 3374
4238 9404
91 4074
8565 4038
1247 8668
1677 2147
6145 9252
2403 3357
2980 516
7834 3937
2282 4515
516 2138
1658 8850
7184 4621
603 1017
9297 587
8906 5674
649 9400
4021 8839
9094 2173
481 7208
1720 190
6017 8158
1667 4668
4351 5737
6479 6321
6317 7894
3800 8962
9254 5406
2607 6866
4479 4647
6941 47
2761 3912
5861 4861
5000 516
1808 8949
3964 9384
8421 627
5879 6097
310 5606
7030 1669
9694 2204
9851 5224
5179 8182
8691 5776
7445 6091
941 7301
385 2858
5965 4647
1014 1845
6914 596
9197 7030
1747 7390
1747 6748
9624 2669
5061 316
10019 2331
2952 1009
5611 6091
7030 9603
1247 4647
4588 887
9389 2757
2512 2013
1747 6580
1130 6091
2379 9262
4074 5884
6753 2147
6017 6418
8969 820
2351 3429
8949 8842
5506 4176
9140 9140
5589 5485
9609 463
4308 8842
8949 9468
3493 4621
5157 8739
3258 399
9468 3937
996 8401
1984 2075
3817 2992
1147 4395
6063 8753
9197 8315
2236 6428
3943 9471
4508 7217
2262 7949
9400 6998
6694 10032
399 9660
1014 8895
2952 7899
3549 466
3429 6577
9601 3559
9254 3983
7492 4847
2769 250
6191 997
1208 1817
8235 9747
6817 298
8783 6406
6017 6842
4725 159
5454 3224
3422 4039
8273 2334
7081 3309
2522 1417
7898 1812
1747 304
7837 4790
9601 6567
5909 6930
158 2629
4588 7447
7746 4668
5034 7445
228 6063
847 3640
10137 5579
2952 752
2236 6097
4035 9883
4732 1815
7886 8931
1130 7937
7081 9624
7846 7645
5984 6324
4356 8722
230 6693
3630 1653
6470 4592
7853 4031
6037 789
2724 1344
9101 9714
7359 7248
5002 8692
6936 3723
5737 10089
627 3436
9913 8654
9459 4386
8692 2200
2369 929
1819 9231
4976 9874
6085 923
5203 7524
3690 9422
4462 4861
6721 5911
2366 1653
8522 9094
3429 7116
8191 9856
10072 9667
8674 1893
7931 277
3423 7487
2785 8462
218 4973
9696 651
752 7667
5837 7733
1325 4572
7227 1124
5120 4647
1541 3242
4391 3445
6580 6023
5478 1203
3302 869
8757 9861
6834 6672
8652 9609
9185 6444
9024 8842
4112 7506
91 6643
1857 6571
4387 850
6905 6097
2952 1184
4112 5192
8692 7298
5854 6018
8364 721
6587 8692
84 8144
5397 757
3297 4031
8044 4647
1771 6444
248 2259
7886 3164
5927 4197
3516 7132
611 4598
3724 1740
1800 4647
6299 9835
6447 7137
9606 4182
7971 7636
27 5051
1203 7819
1639 8654
10070 5395
5868 4912
8606 9930
8692 7685
8094 8877
9294 6812
8409 1651
4365 615
7291 3693
10070 2421
219 4912
4092 5395
3295 6423
1258 7487
9998 8647
6469 7447
752 920
7937 6395
7081 8051
3723 8842
5837 5395
174 9340
9895 1445
1253 6097
2259 5482
3237 4973
5036 3680
8522 5616
6488 2263
4113 6444
4779 8757
6370 1653
3160 384
3749 2856
820 9668
7254 4812
8522 6710
3207 6034
887 5320
9277 3550
1653 3858
6162 8654
6040 5395
3825 9808
456 2568
8860 4607
3131 6702
1569 6091
4387 9228
7516 4647
5962 5737
3438 4386
6814 1236
2329 8675
8396 4074
3412 8101
7090 8692
4391 7819
3547 4391
5179 1854
4869 5229
5009 2408
2230 277
2844 4912
1203 9458
5065 3242
4887 1194
9305 4386
4703 9477
639 9537
4480 6329
8027 4386
8830 7372
9623 256
9163 4557
429 1403
8692 8250
6587 3242
2598 5687
774 2259
9589 5853
6705 4462
1836 5395
5879 774
1720 1765
4570 453
5757 6564
771 3550
6091 9606
9688 1653
5764 8692
8086 6721
4361 1344
3038 1893
8998 8654
8949 1099
7241 9571
6282 1745
8949 6329
6587 6488
3455 2927
1592 6571
61 2452
2973 4351
7081 8899
3064 862
5036 9015
2673 442
6027 3301
6293 8691
403 757
5895 7819
1099 4136
215 820
4309 3242
4391 6640
6444 2022
277 4197
2602 6571
9734 8487
7315 9305
7184 9275
6324 2160
6469 3052
2782 9571
1389 5666
9990 3242
248 4386
9986 5836
2994 3242
4674 3530
1835 2595
75 9731
1596 3429
7822 7400
7595 9808
2113 3122
5453 4914
6759 3842
7492 1428
2004 6586
7508 1817
5522 6924
6244 7224
7081 7630
627 5275
2686 6096
5313 516
6406 3321
7231 6019
1050 5909
9968 8078
7846 1669
3298 2459
6019 1009
9468 7382
7675 1993
9246 671
6149 8091
9581 1742
8522 7122
9089 1648
6460 3559
1823 2280
3954 8150
3660 9477
8265 6097
4274 247
6930 417
1061 281
252 5341
5608 4647
7477 4521
2934 8401
3493 627
6314 4472
1499 2992
7399 8335
7068 7030
9229 1379
4564 188
9685 627
507 1130
4674 3611
3711 1130
3642 2886
1880 7227
3937 8341
256 2857
7233 8150
239 9916
6423 1581
5605 989
3619 7301
3630 4806
2632 8085
8129 976
6495 3611
4807 6598
5439 8964
9148 4673
4338 2128
9140 3937
5342 4806
2545 3630
557 1913
7524 6191
4673 3224
7498 6517
62 2011
557 2598
2732 752
6873 6079
500 1993
3977 5522
3790 8531
101 4929
1282 2713
8421 2777
5509 1186
1417 3630
476 5737
4592 9055
4959 9384
91 9874
375 2956
3959 1942
9100 3640
5949 7937
8398 7172
1758 7885
6987 3050
5171 9316
7886 476
8385 671
5292 6019
6383 2422
6063 9703
2549 9833
2878 7026
7325 586
3300 5098
1699 4647
8620 6140
8522 2929
2307 4281
4407 8041
516 6922
8839 2992
2761 5542
9589 1398
2379 5837
2769 5611
4021 5984
2192 6747
2213 672
10049 4950
5342 3242
1817 7896
6418 1097
1417 6773
7292 8253
7705 8522
7886 7292
6145 5435
4532 6088
4017 9609
5758 516
9985 10068
5164 7509
8108 6023
5503 4647
3108 45
2213 1097
8188 6629
9535 5352
9315 9501
4674 6664
319 9109
8893 8842
6834 5808
58 8754
7345 2234
1916 6693
3397 6397
1216 2887
9663 6864
2334 3885
429 8102
8949 1113
3630 5697
557 9624
6347 2452
6693 9473
2909 7137
7937 9541
1025 474
4820 9833
8752 2280
9633 627
413 6140
8393 1222
7425 1482
5767 4806
865 6747
6664 2131
7906 8362
7872 6598
5820 5224
8099 1797
4973 4388
6238 6406
5439 5632
3822 5103
91 3069
2873 6872
975 6801
6930 6987
159 9941
9985 1993
1503 8091
2543 8253
9964 9351
2632 5326
544 2886
5179 3915
1540 1903
8522 9571
10078 5367
8461 1733
1532 752
316 1097
6987 5103
627 5485
5461 4074
7251 6936
5602 4592
9263 1993
6406 2317
3139 6107
752 2769
6880 5606
9081 6097
5608 1345
6017 1929
4640 301
6440 2792
3143 8842
8780 752
6191 7448
2598 1817
3630 2275
7038 1966
7615 9028
8023 2251
8860 6097
2655 298
5503 8126
2723 2092
5011 1296
9976 5632
7970 329
2614 2792
1276 2765
1486 2033
2351 3462
2886 9660
9109 2023
3900 3912
2222 345
3755 9776
8173 3356
3061 675
9550 9028
4073 7951
7780 6100
5672 4176
7970 2762
5884 1993
3374 4418
4043 8706
316 6097
5034 9372
6249 6834
4607 8949
5545 5128
1216 6097
4819 5275
8084 6598
7886 2023
4674 1012
2792 4897
9878 6321
5413 4950
6470 2576
3000 2792
6418 951
627 2275
7550 1817
8228 8546
6598 6354
3412 6406
3900 5542
9624 1671
2037 6397
1174 587
8625 8169
6406 8608
3428 6629
6245 2506
5352 7873
10019 9378
8949 8347
9609 3668
1226 9520
6741 2204
9094 5705
4820 2792
7292 9710
2486 5194
752 8931
9769 4973
9200 3832
7589 298
9040 4509
7592 7217
1873 9939
9372 328
6748 2992
10129 8691
1359 5069
752 6321
7081 7847
926 4668
4600 2234
9206 9477
10019 9418
7005 6498
2109 5546
657 8273
7289 7599
4389 3055
6929 9400
3542 5428
403 627
2952 8860
812 8771
2349 4973
7492 4365
265 4250
6017 1747
3082 5691
5771 1296
4674 9400
7645 6598
705 2082
5157 5196
6745 7937
3951 7647
4368 9081
1336 9468
6930 7059
4260 6926
9963 6263
6891 6315
429 5742
3998 3409
6063 6564
8592 9710
2488 2033
8182 6834
10086 9486
7492 9372
6822 9710
4122 8188
15 3374
8078 6097
1216 2792
8856 431
9227 2182
9400 9180
5432 3360
4819 2459
5737 3528
8084 2204
8935 2075
1521 7227
4638 6091
923 6735
3617 596
4653 8008
7781 2275
1510 8949
7890 6922
4365 6469
7742 5061
8739 4430
6495 6191
5179 9097
8188 6097
7059 2655
8856 1097
7937 3771
779 2128
4806 6073
6017 3000
2426 1080
5034 8949
7937 8931
328 2598
8848 8726
2366 1244
9484 5232
5615 9250
3070 6669
5837 3550
3149 703
1538 8654
627 9878
9122 4912
3693 6866
8107 4589
1350 2147
1595 4197
2189 9688
8492 5355
1439 14
9325 8549
1302 4563
2804 2792
2655 9275
1394 8471
4858 9231
5203 6501
996 6521
3800 4973
1736 4587
1193 8842
1861 4899
6931 8244
3238 9833
8862 2792
5417 3689
7801 9961
3048 8148
4647 2259
3048 1194
3516 2144
1968 4391
9241 9390
278 5221
6379 4386
1425 2203
7520 4248
5274 453
4978 277
9516 4984
5166 7066
6733 9742
5397 9766
5449 820
2836 3429
5642 4527
9228 4064
2404 8529
4296 2578
3772 4031
7031 3242
4887 2555
2586 720
9549 8757
8936 1209
4391 10058
9094 9400
9589 8409
6395 4592
5570 394
9202 755
6431 2262
4751 4671
6925 820
5043 7949
8498 1844
158 3927
4161 31
1449 6023
9894 3242
4647 5606
5887 5395
4973 8463
5841 4564
314 6063
6116 1244
6488 8716
6406 1991
491 7090
9081 5395
7081 3741
4776 4647
9667 31
4161 3242
5384 6371
4938 1069
4453 9644
9202 4268
9729 9066
820 5494
9258 4031
322 9477
3229 4386
5455 5022
5410 7074
158 8717
8945 1232
1281 6571
9782 9807
2275 8700
9913 6488
5103 3164
8833 7977
2799 862
328 277
7348 346
8992 9667
5053 3429
4626 6344
590 3469
4806 7819
7967 8918
1793 298
9962 9033
7508 5445
6212 6444
6198 8167
1924 9081
7955 586
7196 6097
9400 8860
6091 4083
4092 6444
1873 277
2688 5395
61 1893
7132 9228
4309 6023
9106 4031
4031 277
9986 8971
5845 820
1210 8244
2329 8342
6987 6371
7929 4197
5454 3242
3374 4735
9482 8842
3115 755
2649 6488
3402 9670
5150 14
1945 5395
3562 6488
5984 5118
277 1745
8522 5838
1295 6834
840 5118
1203 8848
2128 4391
7733 4391
8194 7903
9595 4754
2010 8150
4887 8462
9111 4622
5103 5096
1859 7077
7456 7446
2083 789
9254 4721
9448 755
8409 5355
5764 5368
8811 7506
4311 1244
3160 9021
9571 2973
5584 4197
1905 379
7016 4391
7016 8692
6565 9632
1180 4391
9228 8654
6063 5490
6657 328
9338 5764
2440 621
8320 5428
6933 6263
3102 2421
6370 4031
6198 5803
4623 8654
3247 2806
3242 384
4978 7220
10048 1663
3342 8048
6091 8178
7620 3242
7818 820
8912 264
1710 1866
7544 8655
6989 8654
2973 422
3513 5318
639 1966
2928 10069
9101 1652
9458 4391
2259 6390
5436 3062
7146 250
8614 328
2460 1009
5406 9984
9448 5281
3242 4351
6373 79
4588 9023
9185 277
8980 2792
8616 3242
5683 9808
7492 5721
5136 8842
2036 9644
4325 8654
3630 6444
9937 9328
898 1157
3310 4391
627 5897
774 31
7805 6490
4946 8150
5307 3860
3143 1652
2022 945
3732 8033
6696 8054
8842 8487
9468 6724
4031 7977
4031 1124
10143 2921
6530 4622
3307 7157
838 5691
1008 2204
9540 8846
6893 8776
7363 56
9661 6097
2761 9154
7551 540
7365 4746
8991 5550
1773 7286
1522 5428
2312 6019
282 6913
10019 9833
4959 2204
2778 2522
7881 7664
7356 10035
8090 1817
8421 2079
1057 9704
2426 9290
5475 42
5737 6191
5744 5341
7005 1805
8379 8949
5216 6598
8522 576
4988 5665
9671 6687
5441 9359
3861 9477
1251 6598
3489 8628
6418 6580
6186 6598
2962 3242
5634 4430
6914 1660
2632 263
8977 8430
9874 6091
6105 7564
9624 2792
9937 4281
5785 7801
5190 7038
7554 9288
9 7137
3797 9660
9062 2251
2886 159
7313 7008
4932 6986
9329 10081
8424 1692
4176 5909
4769 3072
1582 5469
6987 10027
9695 2023
3939 1296
705 5196
3061 7445
9948 6428
4592 479
8188 7439
3800 8543
9200 908
4806 9477
4480 1163
5036 8524
8949 9253
6423 4244
27 168
7449 7664
3147 681
3321 4418
3759 6097
3598 399
3297 4318
2023 4264
6654 375
5164 5428
1296 1009
10041 931
9514 6073
8394 3851
248 65
9996 1845
3142 3429
6370 586
4386 1085
6042 8401
6921 2952
2433 521
7447 223
1130 5608
6580 7664
1012 6894
6940 9132
1302 2128
375 9099
8409 9599
1495 9159
5652 6097
9589 3640
3300 9507
6987 9468
513 277
4435 1653
9833 9477
8036 4472
1484 902
9095 1993
5972 1130
6834 4647
8601 6944
1111 7487
5920 4132
2668 3062
250 1817
2785 6406
8871 4513
9601 1506
2445 2526
3629 993
516 6872
3446 5579
7354 6057
2634 6601
5608 8915
7754 4244
7886 4946
6987 6395
5439 7132
9276 1925
2213 5753
476 162
581 3859
5649 4182
9601 6406
5164 328
1659 9519
7499 7580
6416 5068
6778 9710
5098 209
2058 7320
6019 8401
3305 5224
5250 9372
161 2013
1434 5506
2490 545
8084 9477
6940 7445
8880 8253
7314 5341
6770 7926
8085 9384
6418 6693
4954 7952
978 6097
1538 8409
9905 1872
1684 6586
4592 5506
2935 7985
8522 4369
2419 8839
4674 4074
8949 6759
24 1080
657 8097
9446 1502
4152 10092
5106 8281
8321 2251
1669 8078
6748 1669
1009 9384
8522 1143
9382 5737
2338 9477
7399 1075
4129 3500
2221 8110
6930 627
6866 5522
1591 516
6029 9238
5428 1993
4951 7709
3642 1817
170 5341
3115 778
5397 5584
9372 1845
6272 1236
8025 585
7015 5899
4951 3559
2790 5439
7492 7492
5402 2886
3109 5435
8491 8427
4872 3257
2215 5305
9041 8701
1451 6097
6930 4471
1784 1296
6272 6629
2584 3429
1747 5170
6987 1130
3412 902
4239 2895
7827 7187
9322 3640
6330 6866
4777 3958
8432 8668
6928 4973
7481 6012
5615 9384
8549 10119
6167 7548
1097 9156
6824 6067
9217 4005
9885 9477
8188 2952
10029 45
5542 3859
2138 8223
7068 7846
5441 4677
1805 7217
8188 5372
3630 1247
6748 8078
7492 6421
3300 1602
5761 7230
7591 3242
2190 5001
2580 6097
2570 4678
7059 4976
3061 2570
7472 9827
7399 9803
1913 3393
5737 8522
5292 6252
4574 5737
4992 3561
2204 6783
8099 7363
6987 2669
9197 8818
5650 5922
7536 281
8615 6872
4677 8126
4480 9251
5835 5532
3322 5984
9472 5173
5737 3611
3841 6097
4574 7941
6428 2885
2296 4949
3885 9941
6504 9460
4330 5606
1012 7077
5166 7137
2655 5103
2233 2128
5608 6406
1376 399
8279 2023
4976 1292
8053 4128
4159 1296
8319 9874
6987 8931
6949 2886
6085 3374
4239 8409
2379 145
657 8091
293 8150
86 9429
4351 5006
1301 6085
6741 2138
8556 6721
2889 8383
3659 5990
2204 2463
7534 8860
4449 2531
247 3640
9336 586
6987 3061
6383 1352
3402 2792
1808 1377
6406 8743
2017 993
2914 5606
1012 5711
1510 7844
4038 8531
3106 3462
375 716
1149 1993
5732 265
6006 6063
4034 9468
9215 191
1012 4128
